# COSEBIs log filter function t+log, zeros and normalisation
# Nmax theta_min[arcmin] theta_max[arcmin]
20 0.174 100.
5.04527986132529438350290584808709866911138360793	6.16291094803622828239193462842852946471009974005
1.8668156403501238004838714877137456583440238223269	5.219377360200333411602346470658141833869763384909	6.179680080116600170020969466707539145183361186092
0.9542136452262725806532718342161400372769163862192	3.2420763949810817756635210705602110267704488154481	5.392831391511892098943044177490736666556251903682	6.19845006171514320389591903675926669617934662481
0.5591054262355776733431929441918268766978162676353	2.2818915459277365570657678110113830758212210071552	4.0325608367447280460699859677121568074433788488142	5.547633483900159685084753262518108848198476366837	6.21737915349497056651640078355961904598768253864
0.36445087364623536195744382591611139783152155849737	1.631243635741376265919134067834470214422192048541	3.1984875134269621960908081513802461732394644812935	4.559698954537926501549128635060515116278458348981	5.681710701130391284393379821374919734003309985964	6.23562512302641802916897897395719405414927969563
0.25534196310627102997280340709653234401536249465862	1.2066007065275352395366969825023921389143911659376	2.5121745518875217369686252587750727156867469416677	3.8378042887721426698829362991257864790677832322622	4.9338579040217196411698482875464775648753618836058	5.795630199458862382308642037736980422026523724016	6.252601568361173468996944274429829304128069430387
0.18847201611485752285563504751611853473055600754131	0.9196625758646117546620844612589158023760153044094	1.9995106992491408841237238852959517268332991268348	3.1837559756727667571225825618556022894317996488402	4.2989454929131170015613154421703755794824835907335	5.205283445152784562802181225346233369120449152793	5.889879043178915946111218908062059235165189534851	6.267780329488145874419375354539884040552232679122
0.14462937574564952191303494794084844682234268684209	0.7203151620205177936179552240372922439668844188225	1.6127735027304839416088745759804913376460041794805	2.6544031461545511949608712233239768076183173845182	3.6978275643569399488394545652140264423160818065919	4.6426505954202862172753548838530442299172122300041	5.405336385547794722629434530421151762448318377181	5.965791797823297879120772322504772538779574472048	6.280815107871525391809125376672542197184133146797
0.1144014367942853213137393610907444183828440567724	0.5775156177649022422023485083495315650035517569132	1.3201891931077148598661857807894007041904706022932	2.2262159973073894202871162366949118946039389591583	3.1829660105169537344241195284545411974084614180756	4.0977468903237774644438319021383689683479616136452	4.9063394230172059707982837572931836037901004041975	5.556168380478367558242155657227864776223886596967	6.026006997777766392867553392944268849021263148586	6.291659119848637750560243563753123493650747755703
0.09270692665660758394383486596008369375852193404813	0.47238947037588198970304704849984554171663757447824	1.0960751642618486550838994688116327271102114665656	1.882531236180310001476766825534305130356486798859	2.7459720770259211447019335542643158649115983927278	3.610387548244336117772539713975223478406790005974	4.4142626005492711012535161339388378196567698248755	5.113429682119323226314231386584191688409327575228	5.672875105020642208349102723821968026117954696568	6.073722922185071568699874792086690859208018648178	6.30051979668668910091946895108949688514126522123
0.07662528806437739498742795208819496839729913424914	0.3930565797418839800566909769901428825135731070341	0.9220457197803665820891604103772591140022394962053	1.605857912024885515223617076114564138732475693582	2.3796798666748497812562315564663446332386888087094	3.1817350857606872590670012720543769189538521907903	3.9590553198156719557831759303163410703628700002768	4.668815247623797959874241291964108141446353144903	5.279131661605356586704797839683323726414804172103	5.765331927127817175994326770462920186790660221992	6.111862787084754501045420493641780297239974492114	6.307723133599132286797816802448143426095379827299
0.06438085112442191778567307121240476326402332639219	0.33187196926940885792440685844947945552506925998288	0.7849447069307278255913171597246752456836492079408	1.3818487782084946894184842792672099224300069884874	2.073438652675390560954977981462571367670793330455	2.8102806421054150765452894512586463374147411860881	3.5473480499412205835106193970162754618984876349142	4.2464351461897594251123728333660506252205152791494	4.8765094068492011208533392819125837677138355424671	5.413778375536158539847199241868094248929337161217	5.840007162648781542242415943912540832325288535471	6.142736443749317808160553559969345259789583572849	6.313600955698363433137503552966869561121961512975
0.05484652903724823727705371898340634442296422000305	0.28377291208658025486413378638086590977508438475507	0.6754218504187401296705605979512048771660254064352	1.1990620582865972018907206958091178297288685054601	1.8171766902827623922609328698899722692671087608571	2.4903578947248105972211473795042903796284605242077	3.1810141531048547317077257286224433077522102439532	3.8556149444494617938789749870663261623871534606614	4.4857421143666783483398367215239136121374098286111	5.048157127906407854234481714980379136299456284452	5.524654933941059401495214241489415490119446218031	5.901268318139517167776608106328285402697664666022	6.168058739504249025206894549721821833808022676804	6.318437155105762521272568050757832501551979795861
0.04727947745038313174396058339542329317209376231969	0.245321031256582170513560137957604298004342995779	0.58677617942298754843616795182901559878466918247	1.048637256075923921085852580743162239165854895	1.60200108723294362346312831638940491943360731	2.215446677129083545280915429230202485619098	2.857833233184729505320017135863650728830963	3.500263415977300985799300077920962132831	4.117201403081125088010592508499351060955	4.686949272052546038935949504272750860111	5.191633585143432202196228978126881458693	5.617035246006137411455362469421259912796	5.952177674925650926387329140982636478349	6.189082669453848432659792664722568388283	6.322456075265803843706985147141819362364
0.04117445488243554225855511924179955001098824056836	0.214123798707583505749089550900585134382470128764	0.51415480329610777984848227526849288707427919424	0.923765083291679518493431022063667019280051971	1.42046197284427274022332316157927267630097245	1.97910764574721635069420561086229631183205	2.573999405249096367195649722174228088203758	3.18047706754503219693930586341122472417141	3.775991947523786994942811637691789069535	4.340689557975481999209052169539190602198	4.857634141324452725012102684167959987833	5.31277620013153208227318214804799821956	5.69481305961877568098665057992199129694	5.99495375536531758056419981852384756853	6.20672946318078348087316036382827799479	6.32582940101691421580773461332215991614
0.03617829439082947837360008795733169304431429154571	0.18847959508081099482214567893047384024097758288	0.45399772211977416593783451957150851445800815104	0.819219827496875352609642420889814830888057673	1.26645930413241509849351612914123163931946433	1.7755012725311402096724504523687782736672601	2.325138325788341731850838262382517232431261	2.8944488502938827137482305706167970071238	3.4637362764907207723491426203534301809921	4.015131866533081349576267226693051011161	4.53291255610409519053384679247112834381	5.00361131244792664170628794545422408582	5.41598472760153216375932487927698270246	5.7609109593499824809454952012048179053	6.0312449269319386022384389325162425991	6.2216861842226241555970645238750808863	6.32868756526889825555573287451581197196
0.03203820856573865491510096148423651861960894663517	0.167153807728921059687550186449975357009861529688	0.40365866563510403689893937319418272625097904224	0.73097696991255455763545184674883015838311466	1.13505785082716222954117782586772166858240506	1.5995443893392864881762415982174673699676952	2.106907096443518252550321453806408167385349	2.63944324452063612418228149298912769460704	3.180068619553806475762691968649397478754	3.712880611068309329027257221291356402474	4.22351106415145678699080781523377505574	4.69930762833891747141703591553839204156	5.1293906581337991980398097437472712806	5.5046264131459158145544057582021211292	5.8175556362199519892422439650893201048	6.062300075254249100947349480963718102	6.2344733956186605876860949702023900165	6.3311301416018724661153432381519641609
0.02856945097406264803384243800706963499813377658823	0.149234374429973185917905105320503227950916084061	0.36114460767465719717382104591161897131794765377	0.655918849282243500086500569096289129420790268	1.02228337786279259265853394483443040550159438	1.4469138696080493625825180515267054281928213	1.915274829218012688383541516306386010172226	2.4123943924395301406630075787289798250544	2.9235149799949027376253752550692707038823	3.434592369735508079860389491482992023421	3.9326432848717693030523999595344972118	4.4059598548580124882944506970220444762	4.8442178142527914659441720282980563903	5.238507597319242615486879342438093575	5.581314013326775866038509445318598304	5.8664671719066143068999510365417441	6.089080554261870184153309487320619098	6.245491406726214546621758517472850065	6.33323390114549359229130012592078274
0.0256344946517644622292007970966063558597121718255	0.134036429943906647100196994754202875468736821932	0.32493546633140790321791883338583378111675087457	0.591612854951190225627097779930820937149995073	0.92493725135325091630440440148599233470008329	1.3139794546575810514856243040973809262859743	1.74663764478540218057888060354827901929125	2.2102362527643157434636417498629740875004	2.692052827029098855035690677687259870693	3.179746262936761212465973111348411638433	3.66167845478596524103881277665137907774	4.1271354426672425507762663110948632528	4.566462654791859650842304767015251671	4.971132413210850196263009708048252803	5.333762201492700395881491069387282438	5.64810008544341505311762185024147879	5.90899126762824576214480037838362364	6.11233649912115561604408708770110375	6.25505220357363076338224703976520311	6.335058711570441554440085392127792659
0.02312927245905773214156611535330068047910670607391	0.121038048320921509117844064257885779604786455962	0.2938579278766263240641642897027434295738647121	0.5361459979944969210036444927382618572036591	0.8404398313843169511694288877634572987143052	1.197712770755258012369280697034915278106208	1.59784293956501675851816059797336589971512	2.0300762798898874003132991167756529802469	2.483449653378934524370053421347233007195	2.94715097973189944099733094546255049569	3.41080569733806666645953748523667176427	3.8646891190752979612120292071831912687	4.299871413509821083926827892899006517	4.708305990425703423729770623090170276	5.08287353840769865420589211016770539	5.41739372509537164143027204787393397	5.706615213791644799205930720317032	5.9461929999210051857334169538557274	6.1326603008519857556851547391396444	6.2634018791483739237302781244884185	6.33665178873313215584399813375645440.37788265705272134163315636709560489601934284093377
0.3118441635377646155340985955856464481687251109501
0.22518088206122082169609663686782029733313397803229
0.150958644987732957149724011045369747874611056430687
0.097240358917237380605894152312750095813228182230408
0.061569874977181490652447541097023311122905687557576
0.038764124524210153413130836625156878691129186982017
0.024374227701295054285473800999443236782267121782689
0.0153251657634476627732314425087211391360923372082607
0.0096372766911342190253313701651025873916895425624611
0.0060614807229098552511428013380879557539760461605419
0.0038129756692929763685443252932676723187601341997342
0.0023988189394947237531306215327776402024086590442073
0.00150927836670762266272567260107723290799859137869429
0.00094966930320909888884971127708590286097824405955874
0.00059758693291833541711064438803174780474042238154945
0.00037605479711169179004694516491565247656062773171017
0.00023665688498715446473726516732571095649146353527844
0.000148936940092043764590915898827633597965376970205143
0.0000937343564644112292417448170280118565891742193572