# COSEBIs log filter function t+log, zeros and normalisation
# Nmax theta_min[arcmin] theta_max[arcmin]
20 0.174 250.
5.9612342419118843627469691808927637316739433827183	7.079182926824999084920330869498966898531180776803
2.4196590550729454372651848300062192612503896396586	6.1181999918864849725487441784999014820206202268153	7.0943907029947139002666351510102616963069800909431
1.2332241373265593618700982791036858239022627957255	3.9143451361314701565184525024539805904696166659262	6.2786958476569976447009201324498974498674011456233	7.111510165304050471099574279550102228843200923769
0.70999989222324578531808542852043739882210880770303	2.7691735076721598153200691055642137753831767274783	4.754456758815211754953946925403003736245826356738	6.4261507274579990526620820339008483158618249376608	7.1290748615168730957231656023295784848219445428134
0.45498332584613359129197672609234337432856211433406	1.9822378248088092665634924326660236952103659721183	3.7882266973660774797753795467084810745280727292041	5.3121854547786079127730287571939637899101662733224	6.5565530288346484377693767570277393960141350497748	7.1462745527925420845427065273630604125411525938668
0.31469375183885051334069495784694297952015131086055	1.4620006307644724377986974278228886158829922585607	2.9872511249197092757910028056100035235019314219276	4.4920826057676392980355283207907519942015150959179	5.7107779345375298039804319648309983208077199483349	6.6696691102081031881329516030496402766236065953835	7.1625809866869126130019638313858821254385274716559
0.23000442191379140835786759275269154923271029301629	1.1101114744444969668265820584178462089507750429418	2.3799557673112819354767390456611259048677722016223	3.7408845923210973626087182230646607696875468387669	4.9986484307244002439738847292084748096335137390604	6.0036040470326095766964968862814279897213809263815	6.7655567227225900771220713923060593535333938753372	7.1775159879602203329766593791684009932942712023404
0.1751633766508768314730704957363712743014438006745	0.86596242863569642624934004389041377450754726771056	1.9190242709371228821772208775117410858347057861016	3.1252178646473465940398412393059123253712498618346	4.313487934826822651328755530408351370391769919945	5.375826474168518601863057980225349669094170943728	6.2216817086556390647521054699264003590672973778687	6.8447350529901206551579261852253653656788191837329	7.1906955663554340640374945536608834074994468496131
0.13771562443533708788355892759268142947970085711345	0.69163081234834692697335339709470516074535873687856	1.5689893679670483721352290682823035827578221992149	2.6235329115437048247980346656315252282359174959774	3.7211137975012969759763901369901031086964830411702	4.7574435340655941332830534858777228828119224673466	5.6650822204865047210463181755755325082031971257303	6.3869245247417169232327083195524943073957268489145	6.9088304171361305014175035433409535989868176491945	7.2019473240279611596200532176089074282341809482579
0.11105107152715185465627640651714710538816065589019	0.56375652166739292047706892407951102770701131562367	1.3005428850659031718653936561064518947946063230019	2.2187361765205628258648633099527793874113858058821	3.2145844237127521651734826485859898233045360498363	4.2004234496450490469969103170434561279746172677933	5.1083266082889357444950914240307360858271076284056	5.8923935592320298240529279329676872236932704896412	6.5149685786920166407070336936142076917464387903056	6.9603206267093789051367563663295705232446897242098	7.2113354570658778883497595666464178671744229279738
0.091413417144883419798217483617702985018123001845166	0.46761732478099363068416874002028727391741770409021	1.0921110289520236402565343136089897762028801768896	1.8918621470623439795180039642245251126246100239935	2.7877033914133324854154467043769038564844096080058	3.7070798983082033327332596430197267004426968119897	4.5902214885156755672490547585019896326985369918629	5.3904052382499585010122884754579373048255961582928	6.0745359101600416738702824456072444074303052803803	6.6164625830818044294889482619955701627681926196536	7.0018159610068158913498200761266270123573757105045	7.2190820838006613456260114281039076990105237096964
0.076543026922561341305956497487208224907074830292336	0.39373540598331275152584148340164755228393172541444	0.92806227039588838441345758875314271975464804971932	1.6267639305142820748973910870388270723332400214241	2.4294606972573866733804234023048694069965906581254	3.2773596757809118506129277995210801499058554095846	4.1186850345515469665168772456422345332102857847399	4.9109532018591107126368821494839482417671744138031	5.6205832407876699279471283630583485330472518169087	6.222801977602127607147139154435004318156602453441	6.6985089089566635238335896605247950786566465534138	7.0355702183449449878852234397322183307165486349065	7.2254651884773801535524008957312985363083191538985
0.065017626751688548576865361616624267622165171024168	0.33584722737520040950136323156804346701223498443235	0.79719237421084760045561672694048657580060820865495	1.4102996519508698404740851770153129144239092225387	2.128928892958130604661929307453035757863463027373	2.9058026370683692939733696600619680672112100895607	3.6971077249760152001895738067313606813726511449685	4.4648713139704212268095004074046630699680479242892	5.1778021762468537545333719292370778490552434551788	5.810891238252515029294369939635311474608183323593	6.345106773085314273963820858092183345943310503541	6.7659087281265706937763754353441150179074263170646	7.0633449592664825922125521609236793193208480332421	7.2307498647502879825346287471239327273916668111436
0.055906763591802041553143925377740980731919675137114	0.28971004482866935944585942442974119939277406796022	0.69143688514855567743151445101266762154257344740408	1.2321516854592257707792483466162793686736004110315	1.8761805653895533215362177142777365335899370586948	2.5856065105367220951676955483359385955623999281754	3.3237669798556406113194828687860193281343701419118	4.057491233424056142909920888649453481723320132395	4.7581779692210673922155924273603614398671743789177	5.402091863900233888250235918536807073381248526672	5.9700630064009872488382987257612959402620716347813	6.4471730146160043349731136583757189222232337339335	6.8220106381370283617287115266333012512761682553541	7.0864625514236778077986357847340285493119532041003	7.2351594862711412658933422505935252802202385145427
0.048581609611572663765992409075906070996591340975902	0.25238074101083080296430985980065699506351297900481	0.60494264321497016907236474771945097455964040135375	1.0843210876087188913857687697497230573522584710696	1.662748209557309601181430524096838484423270483351	2.309772735252599546266860230856384272203517856046	2.9949105468288776141110234896153577498944794111558	3.6895533999604701079057951587120079965875391823634	4.3681134666101353784195906169293247498789307437933	5.0085303319309743102981090590837454501020555170241	5.5923588088112233311913823300158536534560710098562	6.1045573545462211785226319536309886953290397019059	6.533231860515275313744309044878811192717773257076	6.869229109478127418719627272900370293983152405044	7.1059079773666230686592056306898666834367974032874	7.2388715952942837726559078263676952273744139518791
0.042605060617518639038218213462723690131508587912696	0.22177270731596056159980039339089437962277796841334	0.53341273703660336498863587134848643441201626031821	0.96063377941537522981058662767582737256517026738078	1.4816135111183349399644721304084844406614279667448	2.0718061277594320635923190471640673915716008342646	2.7059239628322497370294549020144430168637491556733	3.3594977118400986138131172699688014156126631684532	4.0099385572672743784103915137327730795776258800209	4.6371444369978716543429324190571442497780185869953	5.2237465299776149047743974148011469607191852041945	5.7551195682794863661160951332282806101868982286356	6.2192340864369112606927806008511938726824551543953	6.606466021063123623914072834905780279488347441004	6.9093542961722866987187253552707041180656366599588	7.1224204773815548836590101268845659026420157040345	7.2420240269927599893723584698224758129414583802418
0.037665782092497891118365423134204386379174600891924	0.19637671049648340241729070734066578007739337434867	0.47365361573959952894862902292592138947968991715967	0.85631732553370480377945014913198496673206396941905	1.3270501128953774707010654112540534769841716642518	1.865964554452019514474962872654101052533054686185	2.4520784612768137348427153702202511827516874554161	3.0645576113296304889802528798418677003682138819781	3.6836436820623259178384137014785906587502790161609	4.2912618817264270120769337344036165206646232587878	4.8713540073327900551077292000294339401463512147139	5.4100016978070953246998401244583786199288631804988	5.8954109727538648532097379725876120208697126498701	6.3178083957280839910945430096754419877165136542795	6.6693051855882076515771680060371465024308850441232	6.9437425240844634789156124840010841431076089389222	7.136562150219354053103103691941622526570682990765	7.2447232904837647734986059033508201193045094342088
0.033537227480703558905914790868366634703560085820426	0.17508113846124903108553663357538566950475932345267	0.42326177607096517475686284024682202279880394936779	0.7676662265800137702063768113810407964413401702892	1.1944191615373612510375601243994303615261493358689	1.687311315799279251216284228297276689549721848075	2.2288978025295190764660279130488707594829179529448	2.8014744121554312447534430847548592502649152859961	3.3878590298377044863987791231231323155399891529973	3.9719546071554304285571454575480544853427401321446	4.5391076824501114019299674775986360158941313246988	5.0762981514324995116388579805937376073421782328868	5.5722024603767441706450358363926876880547203552	6.0171723530719206379390791515548800691241950748861	6.4031613783140835497142304130006952998777403952037	6.7236293237176594736712054339894193311103603006107	6.9734390657227271295448292799014096837912738054405	7.1487663914001020249063255881757601527978156440432	7.2470520792778131282223422455538632102500863751482
0.030051406249816818323607418827052127853220415699314	0.15705363863020095443810228089912912422200643538247	0.38040598113841182958991746562840356931747132028118	0.69178538907594125247092376366719264679826370658204	1.0799713838930467832024792983692924201100981803264	1.5316682803781827309983928740988229276442156367162	2.0323260504485914393625554742856036520962741317104	2.5669020350208541103248453289429962826053895279057	3.1205048655653306705579933470781018405361079128355	3.6788922355286876493900902388815397102630667113652	4.2288208627747381857390164071307303334285325135423	4.7582648412636040461148952241459520975849589837527	5.2565277752507359089452685134715914176966322387885	5.7142760153952193990020541124215487823927341497974	6.1235188154659027921547499775108460214673742661901	6.477556072695316740697736331196345789865390803475	6.770911272331066682028276090477488107059085686337	6.9992608590068538485073058273277710171445539795044	7.1593717644043765703198917089889271670442018249508	7.249075162848511353652776577318436076344428025284
0.027081640466295813381389097273404568576330738942401	0.14166156561083964720498648952221925148569374024886	0.34367450009951865614124073902372999761820677893958	0.62639666165144364051647950522766249466087098814421	0.98067411514235765026792123003488453932286051716128	1.3955298532116649629227986139004437820136931885669	1.8587807348255721015025631633362540281267839687305	2.3576303644047160505531764844590656558619796163841	2.8791928594352502728855459024020400981988550449334	3.410920585550649202536291020773976093814460662491	3.9409271098537573360552611771857298323837286966534	4.4582104844274786673578896979876075871516892540751	4.9527904942975181293830231888820386739720237388268	5.4157773854979269804104590464766920643827021433458	5.8393899078544791835081450617850919686206579930772	6.2169390041341616841151054474947892208559803539087	6.5427905577994446175812352598283080978121491788769	6.8123182013287326696792743145279066076456865255249	7.0218541644720452319535026183482530043859106486822	7.1686459111200020023177179701612779168070125756902	7.25084378329866682156737452329085464649969332565790.34640616427999291702052894251847504698711616445536
0.24438086745558050710746772691094714474159829248602
0.152878536265874373814142404232656424709436330625909
0.089777249621606833839701966361001646699150553297271
0.050750926231425872902177851536091471820449557649247
0.028159648701648318024370766960959483548551845206691
0.015512569258679437126758922577155752053780248650357
0.0085277306527628231641513568550408783647336395226897
0.0046863444351949119328919093153288635063295543821853
0.0025755982030675279490465590581246512390019612682522
0.00141576764374926298355300943202111413725338500172874
0.00077833596293510788090847398425607983993341603346224
0.00042794835190828814211921994663696678981208867871714
0.0002353178655252974030996570608397216024881258918936
0.000129404754036261199892262335205660617814268509487736
0.000071165851332815726753494082746014707950215921051814
0.000039139452436979848136447928865842447247220899845375
0.000021526630724992401087119182735490216836158376718179
0.0000118400309785596434703841761782815922323263746936165
6.5124268107317667924683436606766737402709687594561e-6