# COSEBIs log filter function t+log, zeros and normalisation
# Nmax theta_min[arcmin] theta_max[arcmin]
20 0.151 100.
5.18696509795525566490703747706839297432649416154	6.30468137881994552689774288490720268045432877257
1.9471463443673003582413596719970219775566274603693	5.357947984982219856417157633020185513407417975083	6.321165765564716078166457208867331892478358803102
0.9940349836549305426407559463972523567757443013104	3.3432970208683444704797412865040468637945284597929	5.529279645127975772099622191025861848110571814469	6.339655430773900141829971610640201687384994788037
0.5807730061027641513047818090521616462294766721883	2.3544351890638436875592668600689500109397307033259	4.1423318817325056138883801575204574885122843257648	5.68294432363270765505445638730847007844357284838	6.358358798265493516606449502009178861918503461347
0.37757005750973192786918294776464362878345542119751	1.6833166136080416928426135535719413865332222913469	3.2876670357379228834403808694077740669392113689477	4.6747255023141596233761344701545775699764067958154	5.816501180027932690738902745101742915436089305155	6.376436967980097473769296864291300614906890777939
0.26401725876371927974638961384563971516917163945113	1.244487858683766610077923845728853875485108536793	2.5837383491870944174917176178052431990758297034107	3.9375276035835593902713293916172646579820426133189	5.053079223548973817080447313904132608784596745756	5.930384225118673547506282427467456419652558866877	6.393313399066121076403921357925550140044525093148
0.19458451052385916046154604212051198596033913210656	0.9479656877262358805583560802024849160055488345819	2.0567133312254191486075939679260323529142562876063	3.2683717295896771068047522430760909241178708295653	4.4060577736353796904058954097982183191054295730329	5.328118264716770413179419615606999316734693239558	6.02499682201251359506113663605319804793034383349	6.408466558153520674136984483057255727148841420893
0.14914809031635954848721450373015127661291825994416	0.7420113732122431368145230286404147290842721336951	1.658796040707907765747896146420669423843437586398	2.7257626194311398048308370643554808326727854863835	3.7917996695542838269703206280592292997788899278767	4.7551809173727456595588230778883429339643474747748	5.531144596393775749475305202122412014498968312068	6.101515794800401132440477246075048671219548640877	6.421539710533299326980386606980810418191992755348
0.11786711379470732544565473219211112489250416481826	0.5945571282407374196867329998084228212533325963243	1.3575901574918670782177528136875250800051727418482	2.2863608177084033380144238184746128775227678670175	3.2649476981144004766630503168482491276391532691273	4.1987698609675948979169858490114449566648947202642	5.023000060140579910588132118675050492942210924238	5.684313557708305413428269056494028267844376278448	6.162404984804329356428846920302683765191449396549	6.432461666413595492344628906690426463439190445337
0.09544384859434890415794076070363921093174558600718	0.48606661543155966939454056388614835262508792068133	1.126836724921588856181747192985361930746053502251	1.9333989285208612166575441564780111663344786067368	2.817261577760527138362048084181929607653903355564	3.7005844557928394886448780947679913616905010885217	4.5207878992171306729405672277148486558028329952597	5.233354720652689619551230998241856549044581074802	5.802844559975718289533988283751673480349586239211	6.210752975072845704945265708678038556821172075369	6.441415285054426125972063014722400645056343835863
0.07883845420154064823968921128876426807737689309403	0.40424271139411033773641489573993931911219436976753	0.9476587742172416366613382365017945505883087085322	1.6491291430785585561553139779538840914282538373211	2.4417002491984640352176462375021908194179155127611	3.2619353333515238437644695739988721988973576037968	4.055776357179602803195834228872632524401452360262	4.7797436498312846955900159761474991852170716656006	5.401707200237185477705762918306119036405777945185	5.896752783325411043740591725997322580904324608126	6.249443390304093499579331145525153127165934110236	6.448710498798476564505593003777272072651729408212
0.06620577339419689807899394306698342499183475975656	0.34117189126311430570550711966692176704536880584144	0.8065244505458686104733972754319775952102974143222	1.4189145787418942139409562878040033366751179472288	2.1275317184765611442692201092736479880016289938252	2.881519266598042032885647607427935395667547494386	3.6347928791363718019515438357611514213606537936708	4.3484510935341069855432046547105172207444447163953	4.9910304048078230645714370921269164192192424756536	5.538544845636248108413141316792471651286581733151	5.972611688966442155765491964055548835691026062487	6.280784537349948334365892244027187749189141898361	6.454671766767367445877671171196269829534152359413
0.05637610742306019433224442452919795354861299722682	0.29161546707191145260937349644720815932125093434635	0.6938046558321335047614019567402775408328880495432	1.2310471350668998615381102215579599061157270971141	1.8645379241551185480734863519390960160031055240557	2.5536829115364313315537458981614301582663162940143	3.2599298389427756537054682820597608062261828459217	3.9490428721918396637969424971413424817290252290059	4.5921316575110855691372412430772999225823692099168	5.165656535145597881491698363746844851314524131833	5.651255381160007250439042259291051627981776160304	6.03485816626820243383345467165402126441169194727	6.306502505806474757529819733145015101229119808156	6.459581010066838310962885234959676759130674437234
0.04857940438724940943987822879027986320578067185431	0.252017072248028320762621784367593692013186643874	0.60259438739889214379316375521670503687552822087	1.076441797243850567701713251643293911702291394	1.64365841101621954088089916569593135027081081	2.2718497088964644415891221216183392372027287	2.929030853449360547584886021970144766778553	3.5856364301525894773192533701443710808378	4.2156390601772355518365235698417628472094	4.79700368766689014822856588251341061325	5.311635524151764345403245406200214738419	5.745186561710850421738683751654729596044	6.086600037032938644893273137967446884123	6.327863035692162826321751951428995731684	6.46366305026546639118363976438244606437
0.04229242720254929867765192279113158583446717367234	0.219903290230379479223034938403541090745445419354	0.52789150139377754671730908745770425136714949432	0.948107718943933711514995132733016505610032399	1.45728274298077906015467182183881136213231574	2.029485559236704973541316540472721970556518	2.638287854873838502625689640265293514343229	3.25841905071763089850876092378216861056077	3.8668507243021089388883964422964885959651	4.443372026536302908293812608215356204529	4.97079642587031314589649266627410507345	5.43490478107952056553878055535230446132	5.82428771583665731969865837216289328003	6.13008725655804634761241703317924962883	6.34579826839306869599234527281398256603	6.46709084111899533660089319689161989733
0.03714974261693525366000223423862305000023778083104	0.193515842717180844252917071370740178018004868953	0.46602619415208606346487269525607182225021709605	0.840675347344483129447123303893221040669305291	1.29916809928823947950063604273640673613505593	1.8206447306994956559214558722576477362244895	2.383281831321287789672822926586814838697733	2.96561372340816783726259571138111510673895	3.5474925413049894166766327233117399760018	4.110694345748033867326304171413616198127	4.63922875561908839705415783571444014397	5.11943590645565404185666982928770451032	5.5399380482249703736447196455089178332	5.8915241109793928223129393245403989925	6.166991158273772536192953428070540689	6.361003964029799872676794110432956009	6.46999616227785982247143883689887463562
0.03288997992112691046728676499101650329188473093198	0.171579626582999567306157343166611848073308649818	0.41427069066953144004375022050748954451282063149	0.750007173548855600983469384702035738171126065	1.16425739646207592945892807997955091636929335	1.6401396506094508814097600714615316247382011	2.159605132906520261166760623224765521637236	2.704473773371470231184167404308200946598	3.2572476820727586681725174854864071270905	3.801682785159063504623448166839730522888	4.32314056753370897022259021319791947172	4.80876225380095739705037927669308582598	5.2475158524116224269929467029053504869	5.630158529066162513707470653771164103	5.949155587299676115407078692116796269	6.198578122538797676290947999784195417	6.3740075353097187323682449680915767163	6.4724797768373484281088777144164766377
0.02932224696501321959980504908589163961347169561182	0.153153103667183652397456156374749165560763865524	0.37057083139874262102701841767057843361904709001	0.672896955759554586538564283879311274492332284	1.04847467651372006114979981174099069414538879	1.4835512654317910080014014298284910847269509	1.963154802122461987228672756773274774800563	2.4718988110410261315800125274332886326831	2.994653107734044268211579530943424272739	3.517053616348597293051923592907163119332	4.02585294443728089861738998844583908693	4.5091323722002561111057382121266474166	4.9564042814653192250050210935268208411	5.358636040826924314113309902323206794	5.708222135375839917354102632691474219	5.998928232073392695253502139372272558	6.225823183778360539737652959184575037	6.385214720603329231602372680396935394	6.474619445405875841122776559138709674
0.02630452626205852967271617187430373409163118427196	0.137529584143211276005971704744541708852452229606	0.33336017522477925838134398782918812158353130159	0.606842503425288317287439625400102767227054249	0.94853739497629966560804655037856596354997112	1.3471644128391632248034361268323321625588456	1.79025518692120287997022122938154997653782	2.264776189669253226192713590674429105449	2.757673338994340130525618792939646739913	3.25631133710701546425692349897064429469	3.74880049246457348125948918880410217299	4.2242183965487548121292805991714804364	4.672742524972921443318499521530455902	5.085713241982309549409591791508710601	5.45564677755544233110175021459368426	5.77621526626010703978084716875068895	6.04220836375862866662406628391307915	6.24948735553702131890689914546977903	6.39494185264111926093969234714223481	6.476475844147788153830664630410358546
0.02372940990695997650712969877749354644805841797758	0.124170730204990904539190034109563218531945621137	0.30142986466110394982974409768213765816723112527	0.549875941249117158502998884014858417493996876	0.86179708717139913428713883069442715153668836	1.2278772178994199437410845419130116265918907	1.63768624347386572188378963509121593347726	2.0801620529463174982482060874408167610123	2.544048678126211012195435245776235319974	3.01826693287907381065556466930311039776	3.49220695436309924891364817050491944109	3.9559428948215025268817587958402327697	4.400377409600090438589933962418092942	4.817327655598406197079813158844055752	5.19956585791895605000157053897189027	5.54082709835570311226334268195824391	5.835795422062034440719744503681859	6.0800775776621868915962139486809429	6.2701717839481875155635463416968415	6.4034385387837400310267932783318166	6.478096848372567610120680546202391840.37177460707110078283460008396445255571463101044648
0.29886633146671374918929324407694541653422650793512
0.21086150607110369352665387186752005642224348193148
0.138352654404444169372497331951894721848315493216058
0.087239269730332081009806655287219878288203449718774
0.0540552190885807088014795100357227022591471449578
0.033295775759841619582623539534312292278914104583003
0.020479847571168994271508081319178477375850585034071
0.0125956538726729591081615571859755200308830790791702
0.0077479287485503362454240874003184306605868640037955
0.0047667815538773671179100851373539572525028813022419
0.002933093448179656222366882576922259708684798225895
0.00180499016032189572717725243682232822209374078501683
0.00111086771266681295937010031245513956057541175390755
0.00068372445539067648032309958684372579916092971201768
0.00042084831019269744101803913854246973912884589926783
0.00025905468915906197576864398556067881717558739577533
0.00015946865606786774135853164513355475683613981347563
0.000098169032459344113852329829219203840574652448888789
0.00006043475980241498071950679660068801976035324418069