# COSEBIs log filter function t+log, zeros and normalisation
# Nmax theta_min[arcmin] theta_max[arcmin]
20 0.174 80.
4.82232840600442124044807232814151624432825055716	5.93977811207041743139436340810836641953378988814
1.744265057633893677349383393990238205413840263613	5.001726955177847576526573663597872283800211928216	5.957033298938274066686655942445905699154891173447
0.8938792833711788512120131377969522506326078642421	3.0849338627152380230630111710685390868478550476694	5.178602180559437435898337965857081291341582490926	5.976265005940677034488875154192662738946903187457
0.5261609138363106160796553981728462487866227543763	2.1698277801638791176709599201297615000114236443514	3.8612967280076264667651238759511541855545850950753	5.335182983520237497323094806690230845288931074452	5.995560767436774124464471656002967076299877330594
0.3444177243436940328905234423729354923050624126595	1.5509055760321795228450872227060031372403081146018	3.0596777693522743248059154963708612470654974297345	4.3797428583268671237672510897604758465656237700029	5.470029243488662298171071119338398230318651752061	6.014074446216583367297593912182315796129554709209
0.24204171111529130012149270067294201799368497814667	1.148139434609441789375624974743598117723032563894	2.4009776237672825416879009649311814127444139058116	3.6819871037401792919454786084643940610399419619447	4.7469640544667739181727086997883893427807875719891	5.583923927005405888786546239812516776340509413763	6.031203471168849604433231424256934774971704622093
0.17907148282950229511313567534298440018612384110389	0.8759488176803425648533605006180595533670367617789	1.9106954581205629316411536463037717834986671564371	3.0517639784301291018371187464687121440871450119929	4.131232664208420120964245264068144138075638483084	5.012468072532324429198622776509985768974753674822	5.677504104692562615073953807662243004411150559391	6.046410862901218430133115571662952856702030268225
0.1376624287457054243535247251299309250035365393795	0.686767281266629487376182605639742915707641573169	1.5413298223033344374423288217655426624774235261652	2.5431909695320328932178604468567850440083772693067	3.5508895771432670654605885460364516259433705905249	4.4662313943814848834157616929262814514589799742469	5.207704783450623820044109403348115064441013645536	5.752380317350975291424795647167714396869054355436	6.059371279590265475032944166084380147444217709142
0.10904717344926431202193285414816504870283230306559	0.5511339805617747572275280211106664557541156154947	1.2621176173316827741179592850954903909573017927151	2.1325323238195352872278387603772196377405027579433	3.0548907407842290522574133567104793568863734991115	3.9395351283048235346713363087243385608795917989949	4.7232862397245966092206823891158069353000292164681	5.354780040977244005826484404290962698028759485852	5.81147773001358875864364195958470955588029778055	6.070080460248664726165388111481089924904185780515
0.08847142500023570968785814266212251516834953498128	0.45119233058516856906384481328386847594257996388786	1.0482927749483271915053797903256665371851427587521	1.8033139143482370152758784509843993399827126694182	2.6346702817875267519262199618032365711690548859611	3.469246303411103667854430855539989647398483151222	4.2472526100118585885537363404729157920748946367403	4.9251343397554610483525435155496756679895252928695	5.46856270007722519574400393422824084089150005132	5.858162697762355498895174227184235154451582051603	6.078786026222762916363246236575074415171598569725
0.07319548507913197577835443882183944472175266905415	0.37570211426360092932403288740484499487516347979572	0.8822399456056403854277407112298590293195196888738	1.5384695139367683782062897959689206803407433201596	2.2828850263312940498113518048043446872968411772264	3.0563137346767298851066369189657817340222444805288	3.8075274108505094906808242417921462070444106481189	4.494767092854098327562435756570851954550932788728	5.086582933495221735723485397614020856549108558164	5.558694136834307152892005199579123727747399597357	5.895412569663317686666017323633650163219267929927	6.085838849981946506365981264917454540677867302444
0.0615493295745150837898350564651782427935406825001	0.31743028185406896241969197539873495773659994083445	0.7513884223386519583812975235122222373643200568297	1.3241149635338960608223072061709616170165410328293	1.9890308244173278248930733166751230261086014697815	2.6989210183036032934876134377868754527729342434897	3.410430899691374527102088963258978273777359197504	4.0864734344743703335932694322554133774962753901729	4.6967211914173453885491760352345450732499139544308	5.217717590272156535917076567079774757164345876405	5.63147286081503052698085209278942262110255126804	5.925533988253365999309702982524151188866382749515	6.091581402982208351390964948678400077001784255083
0.05247081502490976532744765639328782643977008709138	0.27158406467814638982868321258184627080602190944596	0.6468206685192290717507160741418724931654788060386	1.1492294666069038623625062209492052373687903829813	1.7432760419289771398261025445660391634540139927806	2.3913952949270346032136248160748577201164550334444	3.0575046689987902991027342615871581122438881898904	3.7091955917903874875612365589888498187694213735603	4.3188129324282035363132164024056113955464710980604	4.8636123168683635585196686614954733171675179366172	5.325657703214774356266676212546009358089350928522	5.691155747177775123091785361201042133613923557436	5.950221176356519308534953517394102461219662997622	6.096299904262778150284010953446222087276120861481
0.0452586508939770578658716315737835416933446245955	0.234906201003562904111254144932697658441864922952	0.56215170888963337121114263608113925103068656091	1.005304852639713105783056258184367102448610741	1.53699662403792570925580511280263906600928357	2.1273144706905430356965083577297328716142887	2.746437283317863969900391774111311365183053	3.36652311686135202100902241551683748300316	3.9628217796200683549143951572606672371767	4.5141818880946646279926482424925224035715	5.00309399919047642239030614761732608849	5.415557456870946615621712490632436974151	5.740732432672424523184477568826197440243	5.970705645891848026640025122886608600718	6.100217467375151076812548034497343685469
0.03943513103836807619165503188759069919982910087668	0.20512842202169292068375780136327294238347230756	0.49275953229067312212475507221759379602451835107	0.885815554548400691616557156336429613974925276	1.36299740572536479521539914905773867887834094	1.900394192631798313749430552159907961844454	2.473434096862374997499170510461030131106549	3.05841640463013227386063624630157860858287	3.6335537794229327414960725164316777209444	4.179563330949052972420917789890933575731	4.67991665577305643640589476686622302929	5.12084346926820601355957080387175710578	5.49122052221559412518819562130979904982	5.78237103411219404814678452368534976055	5.98789069845090873106455156019504431207	6.10350351685632092597344093802038343363
0.03466588839054176075400061834232913466023110777742	0.180636219634668337598050324314849903682704050186	0.43525389985069999759264061044373083599843558421	0.78576003152808964946057906148957010274475586	1.21540337451794924871498711960923800168567445	1.7049654002229590242266613305400934118748264	2.234196541361169922568486479472443283576693	2.78302727953713254994991573762045462480801	3.3324735222844819155250209457427712018748	3.865232270198754506406082430643271136544	4.36601036417666892307399316016311096504	4.82165436352938361995802368912046564567	5.22114194117012892672968035666001637652	5.5555004613250186354391442844783389804	5.8176829305435156932614349494432080105	6.002449244362398966504480450251984638	6.10628622190153658492070522802907405658
0.0307113100020542955232593572454214973153203570219	0.160257288248337677047068201156107534987911463138	0.38711452793951317814706844029405347755744827899	0.701289554269194988686255403451330034755890271	1.0894705517152366866520161957563658408155821	1.5361108928153837986459714550894817970723764	2.024487252979825518438824782689571350131595	2.53764247769097257622566973277923792529547	3.0591428961318111396985867129981092855422	3.573626882879530372891126808111471985732	4.0671580966160412516512768805875717272	4.52741679190975768628969067074112365044	4.943771209539146092779734832599004868	5.3072669905133224539822570739713348709	5.6105704783090853391136599338327477812	5.847888778554893348176186208652979459	6.0148907416085491572448886789148915061	6.1086631996789179514043210729054340083
0.0273960949184612880886970775149449189414684545502	0.143124962525598295562718649747632837155430734656	0.34644289365640563466973537402707011377992950551	0.629424123024066040745357462911982045643856016	0.98138391223152706423211448936724034640736018	1.3896591391185189198060998931203782139370212	1.840391003839050181055789106816757721211311	2.3192539194838644861201685605153394328272	2.8120745202622830002197405733467830816427	3.30531329607462534962973880219646601151	3.7864066031927029459871412748846315428	4.243984057355897956602338221689563239	4.667984937152147833414329990658231513	5.049699941218265645477159275846631388	5.381762213747300635937045073384646067	5.658108765446297784281418320532604809	5.873927855843585457798467126259580132	6.025606715035469416806471127778140106	6.110709609820808749524818696286696573
0.02458962595648004042669579526981645757727178485647	0.128588018088284454046857643334550599207660903604	0.31179059492781102133813266399666840989459725464	0.567839186517022329785168876274384945741149891	0.88807589965334317514245216176018854997848339	1.262113529202428623981826600152354381993311	1.678418138851694051897983100541029150422139	2.1248712779126418228684219379705734425429	2.589269271188258509351863827032164864169	3.059733782276966707350490410708777049833	3.52502481171991455020061045456387882337	3.9747603415819912369921625313668535708	4.399555060847853746146749582818962077	4.791094360067929243374595447433194837	5.142160457532084311826866149185065003	5.4466259383983220466970085890389674	5.69942785535638903581180425309179547	5.89653275628740864615511978236207925	6.03490212775695220095030339019010083	6.11248400968824109338088252945057866
0.02219298210570116399961487123738758112764885690575	0.116149846756274963736143635883224873288089193752	0.28203929213574145653947146225380453668559904995	0.514706962256702001310446035045445035527489957	0.80707424077593303558184615257619964619950525	1.1505610715336805180016007059381012697221336	1.535522815492467750785612582299065312089706	1.9516843125853071518257523944341529447706	2.388539688693447467468927749097330012083	2.83569598768700251115629868534557397771	3.28314979254270128304302610641732999326	3.7214954671867734670812567301109783854	4.142070416558201100598384650479670385	4.537046751179118742461711856581596909	4.89948037384226112564231560872728388	5.22332850894081138466050449634992901	5.5034456272610118276753998151192321	5.7355662752836240001117058633733721	5.9162817676782531568408751520829436	6.0430174022058010443252598481594619	6.11403254933070464395229217588652810.38868041572269230330522374157739475508091530435406
0.33475480251969796287850598837009327248321870397831
0.25091075699638348889087848290652841883279507829844
0.174142439190002427560783829880004846289507424569274
0.11611407333764386824173784626526768993633522932641
0.076143750995394990012332052167646491393920385695922
0.049671826304204751742766317037663752403017161538819
0.032367370877561055175127665710927199632565186989659
0.021091295382820408063768748753827509580242135218859
0.0137460965660125878348859906592272757263719632813181
0.0089604828418274391219188568440019880236835517983011
0.0058417656598509819962602896955311093988189681337154
0.003808945243345823386996947436555180021683846135948
0.002483725413752517718886610147264001941993174543358
0.00161969585852898850753112493310977728238889160079138
0.00105630394680107100785307166895387559135264109249796
0.00068891494860353013948084512000054074060004596310056
0.00044932463424805854483309837635144229880830046915302
0.00029306913387918626390372651944910287491161586000313
0.000191158225936984222983558523016879649472328753246458