# COSEBIs log filter function t+log, zeros and normalisation
# Nmax theta_min[arcmin] theta_max[arcmin]
20 5. 100.
1.759511868598881862012425579320202602800078683617	2.809066178302841031530473225332699919259811482728
0.49994398925217693964051407023067925651478426535815	2.0655789703872490149967186673115827221630630039705	2.8411155288661088819615159082049508297610196888725
0.29510373949328003341858434288793501223758764673147	1.199893934418742610582357760939506644539888533219	2.2857259465039476361324132245660981603565617362109	2.8701148075910893983781404157265336848459029338117
0.18421383387836740207364213683839326785199125533642	0.858179653763941515913003743076755779512090871812	1.6817681516065348717991222801664894818418660830855	2.4530436495221587406061809860280810141325721370821	2.8955304005472046557713187440059063450125573706282
0.12804079476909742671171915738150627300360092142192	0.6153634919907945417510625439160619550403371622685	1.3120723092335011526777290526247035113849582598315	2.003702055863711343486959968545855622223943501372	2.5784759928928206036193878033511483234587778098042	2.9166495218002119856213787709211899453343771434455
0.09343156052329105896439413093624707266298487757736	0.46266408510079854418472772595526684982101907427509	1.0215859698033339162752383348070560766529373875615	1.6477608786682032731141270916364064819091957894963	2.2211474519899517827708843004197399023224266624709	2.6693726251996491267485603547993198231423743541139	2.9331315805327460744868436884029374907775970420977
0.07122231522991291291139978929244058747059773579376	0.35822860449926170212138541711186435921553172532675	0.8129395187524640476322723728184172762132189267384	1.3529209242229326261812824479511939237483285922252	1.8969196810701821127374433793835243823293770223745	2.3736598493121027078186606925298198537888756899771	2.7346791469666241318756943585519831218255095291059	2.9454964157600529218307424190488373977734672883014
0.05603040941070273973981787100557271816276795144563	0.28495028842031018927709097787311109484394813431255	0.6582412812331346522147288098062668113344763059502	1.1216401985905164249575793776312112163311520163683	1.615404888693361805314661040764348440610725833794	2.0850411522013151801312836327664599848331050782782	2.4850359127761486748351082337714376436976328727258	2.782403143146332102598441994218199429813738605181	2.9546987590600937717112507438710710711901076512765
0.045217768227333410971767696092178808878497637905099	0.23168455675189607647309808186741843230714953964072	0.5420663685362877761947648734475121688040382510573	0.9393904037239311026292477161564715408069419997255	1.380679997339352904795981219596607036348301129002	1.8233454702896225553253448462749923061349434888604	2.2297480072117249598414655632375650530500073525028	2.5690309317276732590859253537829706988802383733942	2.8181822174090563848561149179175614438187972219383	2.961630340801132957705019833170673326401243869539
0.037249654918264137571322690197348879413484178824076	0.19188976816864056545881965223415947013810532475208	0.45313328507224072807393688815282867365939904125356	0.7952080989567671493373207164158302046674027103179	1.1867716717757726020378288637807315649136876855585	1.5951419778245154081560917333468860698302792048504	1.9895164103283691662650025445704918305965363564563	2.3430826438347887169057194239308587777933744851829	2.6339744189256402604653002270081289364208313447524	2.8456736032449533030423111695862227203103862016428	2.9669535234580440016646506644050708939740669460611
0.031212225615834399671532828400094791731741765840563	0.16142978815704073106231174568068271754893690836117	0.38385420467956248319080667140266681744701673649353	0.6800790688833644053433715939627974949056077690736	1.0269735564495011340063026750270517361254406409339	1.3994104217228439461740497630851819413829956541001	1.7726008139670636368605528342020647519614808748042	2.1237914006490384346889065363346190145013027893633	2.433334430744533775188257275013548984559252448613	2.6852140720467308444815282509132641889226107411428	2.8672502934880075755961247699850499725171190033063	2.9711234680240837796788062800549074265964921591893
0.026529598627370953993149659598800658344564354728712	0.13762691950795282697905970848931664389032062475478	0.32899378102154776482043431391760413183343686761998	0.5871934112400774688900066868182991685022419075641	0.8949081418274429369118736184495983579789746210309	1.2327282403546648358362949461725295239457101563374	1.580792741041583528181812284733479966988484052754	1.920116770858203824840208069695216502309557205478	2.2335342125312687209038847738582307570329608269089	2.5062880552464875176356404572073240459482139549461	2.7263391749590931339758116438622859301991661685998	2.8844939069738734582581773318202665076284001675199	2.9744493378989963259065119182521033061087901135312
0.022825405899676063851178598906199772873780520409763	0.11868915221754576230559598752789413292755813227688	0.28489992565224349987327838612962008557450541303827	0.5114506985085533385477157513138513653557575989576	0.7851883234573256252375692171724518847792958223392	1.0910039806494364459903305293866492707606031000426	1.4129845432649437462208125194839084041388714994921	1.735413989523394319467494196339713864301915590979	2.0435565342138099093349624316531048023667526105335	2.3242090088089654881967838695813797724518801753593	2.5660509305385558102224450454501033608944386533807	2.7598378503931592916773396977966144968140469024257	2.8984905775087320576197463919768143712359543156707	2.9771441661327104769988272052180040626798137871821
0.01984523837564233066874400647054276870941502762908	0.103384560126804857555335072655731540557354507957	0.24898012821387658292976504784443806631398507797	0.4490435730839914548059889128857592838715251158	0.69344420543186108474144898381140439586105632	0.9703158550545646757556385319335425858223589	1.266867334774409566098152959351071283515254	1.57012815417692765400927495635229564247699	1.86757352529366109822441300922666184562884	2.1476054193691727175390082770195998066346	2.3998930655597016724004544743647440511334	2.615593423127969127631935075689305788935	2.787479485675165678408762381542001804698	2.910006345936982467884716808093447862131	2.9793579715371802090370182231359853285678
0.01741220765889694898313357389289522314943309084982	0.0908452228303383162452706171772511422271039774955	0.21936279313447553659798948311704100151923290056	0.3971163302042460063082976984492191952801803701	0.61619911460159367775967356946695218050359545	0.8672035178574849269935884287588046294490609	1.139795971387330457557081747264538298033268	1.42326963485006479262246703445495492580857	1.70703317432942179984198875459758472230444	1.9810120412750693972714803936507578641412	2.235955831274772425211585247961653468881	2.463658006790605020712733503784809302074	2.657101876424588654145405678641684656299	2.810549875354890930122664049094600696646	2.919594094275927141835145040715921427154	2.981198743066701241905288320975961238174
0.01540026532307863859576596305597709409928016285163	0.0804462576010091110834185042137577331100001636999	0.19467436175207595736129433004108807628582006774	0.3535103672304647550621104836420633431684368795	0.55070643422730922331937236561294839908148151	0.7787332542305075108088714209382784557276559	1.029192032472948823150032744494013459045362	1.29322445954986575349475165943285462460676	1.5618910118972962831359022203556632860293	1.8264975372286451046594166673132332415407	2.078860673545350516377337793990936857239	2.311511536577419251615593951274928775381	2.5178433340784520207565833546854898753	2.69221211491882455051850227782999485983	2.83000126210463689420876737996026682304	2.92766095120796758537512327599742846426	2.98274579317231388753619918530846365381
0.01371764346754409806046428274704212856104688273528	0.0717289568555444025450177189895620558376903918772	0.17389104199391654169947881794826742044105703021	0.3165787490899755970268787813202347034137769059	0.49479799445571038820122731740779761177586678	0.7024669049975140561427087220779636162378401	0.932714301676469328797739972145729522942731	1.17818509773061345250822288180236613703012	1.4313319128803767513125674506685439119612	1.684677128532515621590401705393959547952	1.931035997832691531256055903879631478662	2.16369735306562772529521799618177695203	2.37656312381061696163640859940546815562	2.5642510289311913826242711655758928368	2.7221665343316342326602759584255217974	2.846550823123838339876619750828524204	2.934512066767327775308620317068579559	2.98405842834024593537087903526470241408
0.01229625618094097614973050490367590005823585692781	0.0643507031023165272334697115956032131342342788266	0.15623863703285695731478819320597460362487462365	0.2850524523758972592600341548115395096863993364	0.44675754713363771049085833751717320691857109	0.6363975234903896072055972335106653332947138	0.848312940637692964713460118747131514601873	1.07637022196274651607695698074023997967351	1.314186430038221710596614549834154854906	1.555337963732709086387006110210062868708	1.793545020242731797452346619836880981458	2.02282751702297870984942579008503323059	2.2376314931795766313802183988267305312	2.4329275257466845532209685024128853256	2.6042843440181096875787509415817811681	2.747921700235636437839976262478444756	2.860746882873745024341823995292607659	2.9403797830009228059501534972727019401	2.9851817114037317852671295835294754132
0.01108473271640837709962877980633216717400649821605	0.0580515652201414610041210481110630466947512830262	0.1411238071414188603916490395144471713580816019	0.2579438862679560288644837492820706314634172485	0.40522016244145824235751300183987597575801512	0.5788793064969889754274008456672629197097625	0.774228477312503045416746831600645484578997	0.98612815374092332070316880689915488901497	1.209165817257744099470550242857656495876	1.437821620748268728102962175782557941915	1.66661939167040712689717483226504043547	1.89025877784218503231755681345550262182	2.1037266365757599065989948148673862517	2.3023876602253782923241963974257833739	2.482055622555132559080607199218708408	2.639047520089210322270531684001698321	2.770223341683169351950757044243685411	2.873014380482693006984997911262497547	2.945443516738788107005531561834759047	2.986150377145447347749395764754104041
0.01004372783978379843348728976756985417612337989925	0.0526315466162954074012059212341512055622162296949	0.12808616396647882050453740075609218070500406197	0.2344769811961365577480902793280847661148175226	0.369094028287564569123965443558925957529799571	0.5285630093241905240767006154551764021516028	0.708966902679097983348441252001446027066896	0.90597748956465465180099879197960232553726	1.1149901064002470009775147489182271655879	1.331255110077156542179566646430491806817	1.55000081459945649930176265557224971623	1.7665442099389081248692773393023808222	1.9763873229438794789376567447105937687	2.175298452343253144960264662567632105	2.359378608091086806574785754662702538	2.52511427516881321388950422520966191	2.66941811681495972769409221922098005	2.78965948145681154310060672852385234	2.88368669066424995684334932891317622	2.94984358656178276433542590014466614	2.9869915474912943803952758785177677641.09122364572272838569106500241608098635337219457247
2.0515514155031541465809881886727504954090183127838
3.0200045713540866428200782980870470451154926811254
4.1089725504215395460053369643960943277396607558068
5.4877342836006020404080937984022542132592397094496
7.3113138257472559869291745203403652234585186300954
9.743079747353430668945033410778514844898599028086
12.9887887395567056837079900663974487696417054727897
17.3209896281216835788482896756156541565254979408552
23.103307540560278458773387643829350223737851497822
30.821184089026466553578561005654383955689257268308
41.122696633506917270251520479859944305490424469949
54.873038382641178372361672880977689912901622473806
73.227255938616335374097440874092134704020756017619
97.727362675355791235233287276883054736695533658944
130.431995935746721402954004101188990782503290971655
174.089523740049824478758410673142558446062591566776
232.36916188037851597285829988276090450391265826857
310.16954243515701678807113904030165180440931006506
414.03069048616039725682136949891124455243117886169