# COSEBIs log filter function t+log, zeros and normalisation
# Nmax theta_min[arcmin] theta_max[arcmin]
20 0.175 150.
5.44480541535982648479241267075038156474273674214	6.56263373412643211076250197543487284411658869465
2.0982201306683191166437193927620528006022164936521	5.610587257016539495492971438212280678356910041774	6.578643697200996160437861828658397816274789221986
1.0695528203286464012855652466634140345986125203189	3.5301488597672303723454773974649631625008397433305	5.778165085581942797365323304846145512615582201677	6.596647875355029814739388827001357646247458346078
0.6217232212776623881226006171912007719641936486165	2.4891072437874493876714243215415755511113661563808	4.3439121461466510391725301185176120093391328891061	5.929754814842044422264617543299698645046983536532	6.614954615604952477649202510111166825561495946269
0.40224907037079591733585279099538895764991812712433	1.7801414160309637921488100374795935099609825764654	3.4518824780965726087758101058216182998651928509953	4.8853599288252375551450091203086978141483839579427	6.062312291919783826802342001051661320564474810829	6.632732680290361020272269902090816681412643337812
0.28026553661842360308177668481187946203165718520522	1.3149318380166630233168968602445269626048448018561	2.7157721982069051185833337756484128307757701427502	4.1204035075135809749565202763361679113255192119734	5.270941187892687248553337352624345080338002682582	6.176037589296541508877456594504146169558668435619	6.649422639512381938388303022413904778010806728137
0.20599331862818915347437120173774527627181675801888	1.0005388692670246792028339386860282272994261023793	2.162345548218165970204411325201245304173298451589	3.4238255757712595850666272725000455951717530418793	4.6020396593480590573177804312792129412708858035152	5.552264875300825393165891405162328840878912472291	6.271200681475384303127983348263166622283182048432	6.66451643059925281082836530748125626973808023618
0.15755868936843845085173453972907995933130653237052	0.7822627679987711455092584492261492363827309360452	1.7438028952008623984364436551117421579278595190996	2.8569974622525846066462630767309142666390387149587	3.9639970568200902264983205171999500294076062545353	4.9607956512435300413599177371740036929590479334753	5.7605279007183953460921629680218202372797027607	6.348723511411143434572149319426916038221756696554	6.677643242049405799537404031607034070939931663316
0.12430320740646353213562279004639785379701797879079	0.6261325002226653433821221816580263183987071469382	1.4266592586177646474747754898673122554394648140347	2.3970394855310638315948769187757105910735904594817	3.4153217875349587882315126365014063310230324835568	4.3835731588268041072656189686636549341413638886199	5.235963977720488556633822612784197867341940385595	5.917848789672883189183181805231798745727612134601	6.410768394527642670859740607941312103065579313429	6.688692410226331621995751414194716075332436594039
0.10051712889729521327953329344765117996620312656956	0.5113772394696144111686920464913562521247527367592	1.1836202366580554288154448383504011250722029080837	2.0270286461620972673170432809702070158719404796664	2.9481153344095524181643553272496256405542902686028	3.865732167476172131095713121607022498264215752508	4.7154285048895268293790223171957754117003806021952	5.452128742345351774171643377472196712995666415479	6.039632850379602512905645976176316751400800406498	6.460220939489131487464803568022170446049754975038	6.697804235080226463147370221949508661625133749063
0.08293448934876423409159732319714878405560627303428	0.42492006532592222669992826535662836208653467877419	0.9949122915550635998075587172196580700714281431495	1.728776277351371339095174020326135890724288405003	2.5555876483285940953041362554761553645301995597864	3.4088795755571086933493932812112193905481357138333	4.2326445663952932666884297654858841909396812074451	4.9822596593220756352338721306585795045258994101935	5.625202079452597522083426516448122086488014001471	6.136131158931385621409998557211349672822097716529	6.499883494024526938418941067568202530096117260925	6.705259204998809672924851250663410701486623196171
0.06957879845441707697847362405741233813080314132766	0.35834494115623846334841767283092861339626415961718	0.8463128401346864981880959366373579995394316102569	1.4871283889007619971038652659811275811563241875614	2.2268828104540947726177723011953325301569516489385	3.0121055672069158526739273640863850921323195902537	3.7947990428413885555719199044414152189449405426214	4.5348268733129174010142909927096394177708298707935	5.199975584808746187988052645520684607832536054209	5.765946582127007623963753675945050165726191107663	6.21410237785105418112329448496681198236487554116	6.532054621970373996019067487094232352502849668213	6.711367338832404257915072761014358273819678086543
0.05920003656497373322618176445080124908790927214882	0.30608395778748116363708671616211758742746517014249	0.7276778308199065264749444773763712756776640082773	1.2898950191100169194538681084383149730870600142144	1.9515293191665337657005366619807135915557184071645	2.6697981249333041989487201407810247422672284478914	3.4043983046480251226785122757199787323830450255463	4.1198267389681199253429032375983879555381084454499	4.7863595058198726174241198074371351653396655728972	5.379934609597339049864752224470553824850316313678	5.881931631837521792195458138091575739129557264958	6.278107664261906749396414828622787386735485400844	6.558477109288689226416747696513089292510117035007	6.716406041302156683795386758793781932208146865299
0.0509769861736052553408906212043121000393398185864	0.26436011316145216464285271394335184225577189363	0.63172451499614823212990886355972503899846645455	1.127581553801329782044812875034086947068444389	1.72016862079412668821023215105053615747684508	2.375289976429027277533044551916082089455395	3.05941470053419336649609511873827827809629	3.74176758091874810050062406923577689742072	4.3954425810873572146105400944374033230186	4.997811622806637373497040430891188865743	5.530396788018659489830320569351009368354	5.97863507371972756067665106177493696891	6.331336522793472574700086568247526002346	6.580438032939081971082656339951140620499	6.720600404804629049932204697007783125858
0.04435263715450471154108720365635376454222898336097	0.230548854697275835668202206708972784506627672614	0.55317403558475877080218747364393365864534411389	0.992864340024170721410504927437562838261199458	1.52490086803105600300801099882805555654306481	2.1218822024714981457537040854413072192891071	2.756046056327883012926340251600275371825655	3.40101027711315463942059807073802779081994	4.032882048786960518538174736602109464464	4.630816003816017905466610973533200210754	5.177185444445519782777385413684718693372	5.65747786536442312456505877641398740319	6.06010413693233222875664560574691162101	6.37609499850749825571353115552651596133	6.5988884190014817090380768891196089964	6.72412535370143243694627007246302015622
0.03893857736812833943050657102559482693616356104528	0.202786135243282285695811386707188753443480307694	0.48815287950578620039560523101560275467792979785	0.880109343365721565397022482292463137328475571	1.35922399054279660362742987618423666494084941	1.9034401772367885194925730017940798002823032	2.489799087707023960334671006872666308659306	3.09584020147550603469729831159881484244529	3.7005977140316676713332058546270900277819	4.285210189840236271632570840068525861123	4.83321264224690930632354241593569267683	5.33060714044351956726494945053670903364	5.7657835642827969910166613985874760499	6.1293794402234722991062551924701186808	6.4140952013151154065722364201517138046	6.6145392648727333841291223092930214844	6.72711493177766839085781427167406480856
0.0344573826784075331698666353667945078904377047459	0.179721336875895712485209854428497853164346277704	0.43378202718969721997420515248732030772103524855	0.784970890441787416194411309955484938179456017	1.2178585996300608221703482439399561601154226	1.7145885627525645060923827554940855810004007	2.2561530009227868564839951408601371293663	2.823496342848592691055831786170489937086	3.3983676591052056446818133688697845154164	3.963906380127806197922970611840137646853	4.50499023611368350835584792688846639021	5.0083947022620755398881386590212737996	5.4628208324023528127958127668515311897	5.8588368981475719964701816172009500366	6.188779491221599905701188803569070026	6.446634497668571861833643975855193687	6.627930043510808516128691078461655547	6.7296719584249114900684365767263336206
0.03070668320519475674126455669359494476125564851991	0.160358000270980117616875431877894634973398475526	0.38789388146848801046147266293810361312585115526	0.704079339738655047410946101840776705375222356	1.09654256839531036913135823734755237822564879	1.5507346273914896830648808327822682132249482	2.0508766112908348199841813684575075481053	2.5808198613536382657963044862977693077681	3.124753651885079372313242092598933939211	3.667733817395203278054023204267352278711	4.1960375927741982308844192768325279128	4.6973698621146323279914813598698771851	5.1609539722806170420853959270462082607	5.577541649579445498833756337525685797	5.939370749301338065503500455733848399	6.240096493827120279247722289062809316	6.474712143648739116030353474903030661	6.639476075000921615100433403982161807	6.731875926075037049431282284887607347
0.02753608591984671504112154010365196980717680021094	0.143948807875805124738151276043436186922018892839	0.34883599670080217332920424973445877560008113805	0.634804049893815061552828791788989955687025444	0.99183944667497531107902129832010814169424809	1.4080088047126137964252921127624955218203893	1.87016533803479677662886952154281794872284	2.3646163498197594853851850406788717561232	2.877700495878240799344857211727940025438	3.39624705441082586186005812417983089227	3.90791145265228394315493474797883665386	4.4013970296726767820585576890672622816	4.866581964531182866673868059344298769	5.294573336996808196253932316983241317	5.67770989780172735120396756782258421	6.00953188309968852591399200936832926	6.28473338146278636187766258191086938	6.49910842667506422650443843773928173	6.64950137637943979958377855683247283	6.73378893460123081824375129672140131
0.02483195922220248414077101349559223437910238743018	0.129924896894857904084937434545028361058305794168	0.31533359683526883507149254091041424298730958257	0.575075773898090768154506333535123157245526631	0.9009743410218806366759374832753089224438511	1.2831751370743289675207327200491046815328746	1.71067725992507696927724980092248878655046	2.1718505965220802847572478196936777063796	2.654901895143833753189502701741774981559	3.14826450222728016877944214674419452107	3.6409015900755249713089105687208004962	4.1225245165510311064577076869368699568	4.583735768712575998914035983280821744	5.016110007089000992176247269903774887	5.41222779608871103429272772030166721	5.76567586983485377333032585551243945	6.0710258249616287693707079022095924	6.3238011188685348399008629802937735	6.520440021498301283358075070850692	6.6582617770185076459355118857401136	6.735460024478763309540943242448750240.36195731428275582727639372845899747686406491801331
0.27793551461694123384561686355898065162216654446014
0.1881712418756128916465434763057887862496580426615
0.118847100925705108629380554256727329110168526169139
0.072167582957383782747112330506284971937598373274772
0.043041828889223149711960315856718122786139307743181
0.025507463661362851705081562976278895555436617246597
0.0150914979419226531907000174726954149090480379157184
0.0089273159809738558978616313454858895191682217929943
0.005281682740141667946378782222220715420319334040622
0.0031253397396066083013508255520916427242319143477043
0.00184962348777626721931879747648611992170099611024223
0.00109475770147259020923448941421558859961826338440899
0.00064802458688817777646947800471210008310145964577129
0.00038361571575190896521942042266757761457454290465828
0.00022710522374629991314884632879913423810281105321637
0.000134455738793638059264338900839380706852460548432333
0.000079606702922014890632987919671517162115533765456397
0.000047134106941706187629897404244616111250022127101827
0.000027908344935241693171417979039267430809829612993673