# COSEBIs log filter function t+log, zeros and normalisation
# Nmax theta_min[arcmin] theta_max[arcmin]
20 80. 250.
0.39748234752178730345242865314693465230925374000459	0.99792465739162854833763991111345833600471690073659
0.13893122615945790471397106300262191783824380884978	0.63588936372726665936358174871836500138056993292634	1.0404475303596494440356139972711735004994817638473
0.090450308763222553841089676873583710387549273422854	0.40546971965893584334138256341069583240562764711655	0.79588988237635937860180998431856905889135768347934	1.0709499166992246080225047715160023326539948198205
0.059003048595366910544934252169338571771048664050128	0.28516563071807880715597660584746393274829836261676	0.59869137832547785520030391546650242290508730086365	0.89658008174885631508252463255575919259575816474429	1.0911653208339662853746259628734975630297664756119
0.041952967720613754638663423272032197608786999638784	0.20765340965956737430110577024478904329102222724353	0.45772197137524778888308024754518052740403423165166	0.72877550339971442620470947159237041046733357816705	0.9598570778089311920444300806495625005744079010828	1.1040564009530087526202114280131743931912445296704
0.031261275780575415944987626919815037389685326025147	0.15742022005793805068479495275123368888778161946599	0.35698031454142955818523874495548842129551733945078	0.59134098261411579798453262015810145609216061687415	0.8185831148159059341265715398570911203547981318479	1.0015171881794680656874483908279583590701405933632	1.1124781743525238125700319568783453418240542050384
0.024184723151783337980588608238897154071183590036061	0.1231048839215413714406930983249636811212024031415	0.28449827150790444568684684056042342234615220024563	0.48381894992046151583181661828876975558689806796956	0.69249209907684718867294005682802569399119347604921	0.8825779326035285547917969081123178428269681139868	1.0302949883500334813036810657133261957052171266077	1.1182283235991617416287577999982427509890997372899
0.019258617895553924271392972235874819001272114506457	0.098757822065471103909770135133590118388292631301375	0.23122193826773496642515728779036223481814225974357	0.40048873483815283315701459676242296923167914711215	0.58678991209232118414156022600769381457052155564088	0.76950886542324239001376978393366303082520559245378	0.92953072558100123837726178759393355363995238609298	1.0509732929579257021703458781361498745864251245448	1.1223202516004597652582029510517213470919924645765
0.015694658109205056962374539489372673049472715126986	0.080906289933903957463852943165956886824456310072183	0.19120095682483591849493362677947550608592823899981	0.33557696762395553468738737309390886981948326713566	0.50009909918494983984817984360132366953839993406141	0.66954872576639057314212622886208396909197252150952	0.82896013443577478918610222745322843300371369617516	0.96488342863593650619251896754137126492198404063605	1.0663151238248658481681574443357773364904778224156	1.1253339757878141287273676045319004240256757132993
0.013034110469455323423690368553054789829795167257389	0.067451763934629687947065392783583940922552553518061	0.16050744531731205941612000723723964997182080724226	0.28448766363248421670529453159232608986677650054021	0.42936771226364830906406682207483279707559356184656	0.58382344961210746917980716052317425948222470840863	0.73623254615831266982992405865504883799042428615179	0.87556612030443085276052605957690348603643588180664	0.99211017552987173145516970767723620538381943906779	1.078002934395886708581826148674253084865069079218	1.1276171572318219615513480936211321691385882233209
0.010996007660817733228602901209275023493403742878764	0.05707155396559549817380640996851473412665452986469	0.13651943819038309945534499202175595676820915061364	0.24378852459383910365512961499635569044318005753227	0.37152300097160560912093574320406950786740022525018	0.51119952403698725097062495397101599144333453553534	0.65378544815687960340605396450146844048769624105149	0.79036070219898743387428663193633436183855399276896	0.91265735926820871180922674445199210753384316655819	1.0134946015530929398365837985068759100157552366815	1.0871071595881542305872430924983279291695299779638	1.1293879859797772326686435015126087944769860224315
0.009400543437021630157443378427970182476703825003334	0.048901674525773154835678635039684172518461386096338	0.11745273140820478723469385620808060779454903569865	0.21096582715620906602493171856428618644765776635139	0.32394217311867839495795832379828661519088247480492	0.44988432531165344734262216184090627844133963059431	0.5817349710996867850754128134632756701672394305856	0.71231049181780906048661713701467371174043639728928	0.83469768050131978329000399796076572455872175521999	0.94259361122872763584106337455630680144623767941455	1.0305801952374803263646367418812844919533983521208	1.094334357735302392320413439236688036722316247638	1.1307889360518274226624351510337120161968052641697
0.0081283707117311213528254699083029824437580039162259	0.042359765282848814055866089338279993837949445969737	0.10206795728226132541663337829993505637533242416599	0.1841809326096067305630919473554796690763085335559	0.28451705120947323218577590752544816899474712184024	0.39805888799191078539790632837572674124098767539553	0.51925052458601906133053301270384491815079926469996	0.64230164102342996274367880675994649154868636726525	0.76147750527107594777048024373842719886729761993359	0.87135945187172633732252426752033944120146838445904	0.96706683953861212487713365024851064960250822916584	1.0444371743020162727993867329139312282248298743541	1.1001657423830400133910476180295861619037854855969	1.1319162197894574577684045803711416507886262373633
0.0070977756609457949405398234538171720914087090150937	0.037042361656229540020489916376207251220338611262161	0.089486634462635098730910308854651748995726985409051	0.16208019763780400418604187997031134337461251262235	0.25159288920540248544131663056283683131621133869363	0.35410129748538902180659822953243508170697678144304	0.46519363268903834959452932495227928143950847396027	0.58018503208351482057018144703066258736415820383835	0.69432970246214927194420158610765486437504487608631	0.80301875516775404199784294463944258701448433263658	0.90195605877412070921279171165920994592418046970493	0.98730786718703962013578739347562402249756137575673	1.0558248961707110808745179999984658500642064956575	1.104938021682154341226036931688490055529946624117	1.1328367006139493360328203019643000732346660958843
0.0062512987426817289619329059754335911067656011306698	0.032663111874042609611397247688058145829888931099535	0.079074105807438250451737803537859891294470896243046	0.14365708573476309372366004726113043416331451985973	0.22388107761378696648562733415033230630166580289589	0.31664140342003832926034536011782180432521417756348	0.41840326249735478290468975505998107386874229263679	0.52535588510320108635217159167912264388303814291206	0.63356845767205994395873484212069679721932093101144	0.73913998569191206633511342750865805560870821432689	0.8383371067451119890069497352497364142383803163176	0.92771589036486093839557126508020621146043074591469	1.0042255323026206105327522340359173580528286771979	1.0652934058844741565691182116849744385530213637945	1.1088923955688913873512287266595223239406772691358	1.133598011282685589162661825959484132296982624177
0.0055475885373477010181911902674268920339769545147083	0.0290144056269758691582572127860296132443337237101	0.07036370375699129615429015078262244034602319606477	0.12815465725152047781528953762382167401145950816515	0.20037828939822027244344799880561415049072421559585	0.28455022423653781579299364224036617610291643616852	0.37781296572044341492925464359277735206803603974866	0.47704758957836741141479151819720982846442861895631	0.57898915100681100465581007188872188180795095655096	0.68034036683382763547090318641906868980938111038354	0.77787909276240620179854863099885280332570654712753	0.86855629075280248307430527230551517233775099733694	0.94958235835272435015208358341892867405057805421059	1.0185007378953776142663888554265414393143147221073	1.0732485900389108051564137781886386975803347139008	1.1122052495561307687174493958485735820963108578563	1.1342348259523232210339896250148240542106220302907
0.0049562754179849497262637032871846647995621288967252	0.025942846876615708174575467811489305873520236388313	0.063006679781380878782496759407483273638299988674923	0.11499701843096696368372450701638230642154798351044	0.18030032538331768754790321249059113870369767073505	0.25690781459674315988040605895041932346872290077948	0.34248944789087091427659486208634407066326810299871	0.43447584252999941419761848386305975852743618480938	0.53014439600696608721265539603564766204765567873524	0.62670586058929290598036871530307490215917538482862	0.7213880850164768864885680931432303825260459786314	0.81151431357108186291473990328019757817783248867501	0.89457416045965630439056120672365362693616400869784	0.96828607066258542880049040918934494460825459299385	1.0306506802420360956471763495839338320675891115611	1.0799949942757849052067183724967420481219897091166	1.115007947907507272828307722841006771832542307263	1.1347728700039160076995078785789084168748252132395
0.0044546511073199824187998063289194964435374565493941	0.023333166462780266224581934135067058601335677935579	0.056738514414575856206724811247176017465756697127212	0.10374097875733588409755710771333330179706208663769	0.1630306331568513671313054382960360625543414391563	0.23296748746093715878299883888204182517799815210129	0.31163581189707102818253833300993887393314557268601	0.39690491959278899733473017434672573843492638112961	0.48649401015516168850378184403353869759553062626617	0.57803846139992971609918356409415067580560210266074	0.6691551860610707970641217561243453046073286122976	0.75750505078276072912720117291930832938482611288587	0.8408507992904883838029813310402442066558182385301	0.91710937302031780255426131472811020846981596679757	0.98439793863217588338592036127238064503535835539483	1.041073288390663123785991091311347606541200142683	1.0857645879647403125596639102116369132323018565383	1.1173999289497119405347548593544003132619110989268	1.135231554009398448774675120557509626122558204289
0.0040254624645023271554003749160451274856928529088379	0.021097423204699268953332134078046596217259926312479	0.051355834351005926564765755978140147350815203182089	0.094041703229983282950093781904502563289527018712804	0.14808110292013314940696702188544965433845035758939	0.21212310297918282700719173870541051449957337234288	0.2845802039055184631065928829798316582098610156382	0.36367396378622159755830014646482956521612084362875	0.44748426441649971402857883739617833617811529662147	0.53400039672738358903403261239124333681959802000782	0.62117224026131324409798538486713419807417533707845	0.70696002285619895362491535587389263534332667928103	0.78938141569837982553509882300916096072731236746733	0.86655500904371963118080775605932627376550471670786	0.9367394967912526048597009726691593647403510498258	0.99836815320354524269658186531209815800608717462449	1.0500784026489136805143598784891821275585886296271	1.0907364809913401530437547918529912286573115924384	1.1194575691733436819967066386597965601844098849703	1.1356257459187069564176734309180115343908679135985
0.0036554120328488672409908390915751611771928402105322	0.019167602128464574800396727443026731858729020899661	0.046700324260468137674440237894584698148036779466848	0.085628073067682046315456767782546326334000710815738	0.13506245865197829604644978370378470678946293677026	0.1938814019728485351253250050645870981263009660435	0.26075962180219798536302367973317771585559769000293	0.33420326309109853222883977683073877445924684128746	0.41258766815546402100348058374222032348209303090724	0.4941970154225934354196540671082664587602015330641	0.57726457543123838233145057972177150481484889562089	0.66001244804122111492969013590081435304102784776888	0.74068980599438119905759872613953832905818124273268	0.81760885470264620360548005314780874252787395245256	0.88917790781564574759860031288611865096449457081827	0.95393115795195785258183461798730512019838170343091	1.0105548817907611081589341554980762688332622394927	1.0579099554784709136467308141256541449721571764913	1.0950506893795707835965092505602373933984092622286	1.1212403073208843311235685858586766616479638787097	1.13596698918251982654262280008387504605007797707449.1638730627773995237482301067706507537216054649458
36.315435437749407020665607798030683053993167784385
127.908472654583686713606582027543736339594653205411
446.98555150304528099202250492346487913943899971178
1563.67540176258427680353931287149262033025212115898
5475.2114787300680669782056448953174556711262200844
19183.0806141835249365729043706048677959300500966182
67238.146793862970170043940743210746988419874330258
235744.48348646347310496893886169780076204592801674
826727.16801827317752587494538924717883376810302734
2.8997125630389817396709834908739826637047557186374e6
1.01719385425350655256515935417006019477195930557073e7
3.5685923287101945048878685669918673233183546288997e7
1.25206239967938067585242851890211883283266097932784e8
4.3932338112424101054193631784581942643298489541944e8
1.54158310406011778859504699392196093920402190553302e9
5.4096592146163658463492720700634550052908820895084e9
1.89841030670254256381875934894504240864413782857447e10
6.6623117293672891798701159151478819423761468180995e10
2.3381504668408953978988281377490196907143568953349e11