# COSEBIs log filter function t+log, zeros and normalisation
# Nmax theta_min[arcmin] theta_max[arcmin]
20 1. 100.
3.303326897072945307560529442945618358094519015585	4.41458952562313058825386736946242002054617124974
1.0314457413150495892717992674723889577060538662263	3.5348005684371648520112320307976873891191257951573	4.4368271261137398958484069691725653895066241039855
0.5505682221824556628683758351251291017228202932874	2.0872305315360559353839763423250659080492019662199	3.736600020858505820698240464238769871426770283149	4.460005769451311709707527870552511647668660561
0.33463491300147989118702062672252305282769300803691	1.472121292204646313378647766882269367065522187573	2.7443510398889180110095958608569464930030350158917	3.9038354136912775734936821155677012955885838736703	4.482183740948103212695781066741980777202537458599
0.22551073887395750286657158228689556511184827722373	1.0525699933233581040483438780979371342339636179981	2.1620080320073837676485356411319646300307724412205	3.1872028616886569615582477545385718426435748245083	4.0410277709239646000477690289745941839776873253719	4.5025349735827336786613157947890324689988922719447
0.16160758740196984407895443860394830806891271583618	0.78467371781786890334491780024802167243715718637	1.6875885855105324476940507192370633230504309019046	2.6550207848485403684932161325263053325405472598072	3.4944241441213367521669110096549863817989923632048	4.1507031069421922403436693906299342595550188917517	4.5203444543470346830250570426226235620866227491427
0.12139768165613078737113944501460882666646348034448	0.6027975922266021676067409941433440873681596883521	1.3424121170221194562744741071728810992735358212666	2.1886429351444154355387612340905846788372974018139	3.0144345546796001529837903052746735005520498851389	3.7115518175057390267458391139917843176544893606961	4.2356434455161869450213513258708573744556788419709	4.5351595414852835382178570641964103743278782195452
0.09442261644850694596976298746786810441592966010586	0.47593099085437007182972994729618380047992470986561	1.0843669728488719577860415179554243998964665556493	1.8188003743070829779578323607485750140443743081887	2.5785768004246223850185860062668799688994319127055	3.2839144033658581651133309744853841991940010555115	3.8695706333775611650571244227835771126473321483087	4.3003790867942406305128369251425256739362345774066	4.5470234190404376683683022325486472242387509582499
0.07550317367682408157862995354449606453903746886227	0.38438496030684091960366286695722149808648956151565	0.8901816550756447396309727087906556020131539012183	1.5236795333058123710666042993159955782091406237014	2.2108707807827994449449219593462855078257254677858	2.8844017498327406668104345085388533206238691861293	3.4909971192659814835171655454694645658588965176362	3.9884248972962289795544391850931728383159292634427	4.3498986822473761524109926131655249510749514154236	4.556358028514534861771713383897257438234281793825
0.06172937738968305146945952319160879600584850436816	0.3164900947373572271654762558253692535360264393862	0.7415823580594419411453678913836585901052676409215	1.2888173583242385778578471071199034878201493379265	1.9032114697170455059519654223923740965923549510643	2.5316075498387744424538076694695916520059055638098	3.1274213811770075041849193855393087696479735051691	3.6533879807526214893834292659919666993676953643779	4.080394500390863748081090221282696371673870143773	4.3883449032428450510469024281414283574969866206593	4.5636995285515287816685460553136283626939601980388
0.05139843821823709269250779138045605356529542208375	0.2648759899402865508412496219662882708203173020989	0.6260594377707607134370274584195511335120581117026	1.1006610443485400992768814992102765275374009876702	1.6477429964744644733365236588922444549513967993598	2.2254335996465280223390975248944484352951848228053	2.7950497356669905564786782251589418771476765867027	3.3232235959549906072545290626380645016414135729705	3.7829512394418771078478589080830952789147336765105	4.1531702039694439735506835385435130426903686413309	4.4187284841049227930682620803806676975324215879606	4.5695279031338178996571088442808985733882017496386
0.043454087557631753131757559087505566958957871915181	0.22479543641786794836016606974230459575269628926415	0.5348323685750550997237566517668664779524805542857	0.9486748366158847767831394370058310351880591151149	1.4355360631956570172389499512476439957969916534975	1.9625851955490065642927119221914441728165685083941	2.4980071024966115467698206717131025418254233312475	3.0130514945511201437801021283714566665191189822229	3.4830622936651411029749310032271498724025011348994	3.8879032039939471708483869289669502841681437773562	4.2117945774670735950156033668268501089263988911318	4.4431473581335815198982656553885684555690673002892	4.5742161484777243402420008705145693434211600596981
0.037215598819288151017904784925110172481043129197851	0.19308809542192171917721198570834411364491257758011	0.46173697024456748713983002672018949815765850309106	0.8247430737503438119900716556139356260571659708232	1.2586953599517808760394842616902167794874747222674	1.737784102574981948177956207707965150281693049573	2.2360503065388732562902255525749864979369724873406	2.7290615710454715236892415309544052254424560105647	3.1949831642650134765294041243588996187637045738626	3.6151123751363871655687338620618669330272652640409	3.9740694387987600901482897397429075509668919815815	4.2597249545319181830077931458075595821713031198157	4.4630665686641586128057955831223227282824759566937	4.5780387429768130038899579536896989227874065409087
0.03222816274996701868890248508826127112883069872503	0.167595050624583447221055032100413600170685833986	0.40238213653119591010599765602116325206769614783	0.722715068693188201389137701325658911107319318	1.11057691929224956001283158690527859888146983	1.5455745491616346573233253114245378615383315	2.006566372688832388454790083129516780555085	2.47298952821578144102106226420205977936802	2.925809024832685801632742208851761261242	3.3481091264527712568994269251627263511794	3.725389257443560127260567280982046799053	4.045661465694244720910491892817397894277	4.299414415885673209508278886804718223088	4.479527893400061365037745871597153855301	4.581195175398067221898998758279811106219
0.02817880320807782662734814134803536666103433356381	0.146804556503784481892032188835111829455265155591	0.35359578498010836677528395380525997495994399373	0.637930212612118945337589419177197554909506525	0.98577554677965951140376414926207737359453551	1.3809088002544017093549992708579629363363776	1.806092448198842970586794793712348338269021	2.24409846703578476436393808673697828975191	2.6785078342405713133433434306269551389628	3.0942695617191401571286105952866915066582	3.478045407693169463976936438865101587994	3.818384238135992359876860957938596335765	4.10577895746424294972369174052898626512	4.33264862928226900077652765341749339922	4.49328785449757671721600611928289073991	4.583831397829507176965917923208667298886
0.02484649169874592587548077498630451514454792318399	0.129634664015413546233413527225667954818051323034	0.31305168550328661463826696910581096695444854917	0.566843660640857347197688973254941529488665471	0.8799543298900907821090508718007593828092805	1.2393797601927149477030506386546035693329092	1.631020671117778966020510401271945184928268	2.04046385983640409829878167574193137276589	2.4536332416263403600624826204100367962322	2.857285285511396870734184136744214526269	3.239351810340144695273280975927914179345	3.58915147193995442493147018454144748632	3.89749883364358634487449757071245039103	4.15674181664531962686378660404502466298	4.36075410741892914750164434645974876276	4.50490667971568621456361403416076434368	4.58605567009984837917310949445693305436
0.02207158529803963549869559071263876283078177265158	0.115295603743343185389378248549896440006823160246	0.27901887598570186955272157935131792304340840892	0.506740715817171086666494428817061575613686845	0.789653159122614453464314309155361653693119	1.1172496510620549291417344321842055651279713	1.477946603248549283681762344608118675472404	1.85967705073133282545397233664349315546831	2.2504111951925383107807364540684099912033	2.638578319023875498830170056380633292664	3.01338343211758305171996444943489278294	3.36502586546183650096296115008740993616	3.6848352995552893748382279772434500211	3.9653439046844452284964738982636680828	4.2003133564908946689759888797136282514	4.3847333240050567175732082483709145027	4.5148064962470816106511726914703894402	4.5879495336765470277667717381575323029
0.01973647200119580003340790760816079330241546243764	0.1032005855605109631429588886118885563840660731295	0.25019126936753111934136595795545030903682413729	0.4555253853994063546801642498658834708314309476	0.71211285865046863548977251551770470126502883	1.0113971670501085573590976184287029686871866	1.343812282193669736695534076536017056975618	1.69923373271049541086612596393122383812202	2.0673906505068864110787638644677970646639	2.438216696537176151774697911451355515944	2.80212987464642716166109467874846575128	3.1502412786568408609845452876793525732	3.4744997257839326599629977702530543053	3.7677830831799904409947734703672322167	4.023948420331071991353781657137835907	4.237852810194070831680677116875438618	4.405355348155117505240231155639679629	4.523310297085775488808089135512223856	4.5895753201647917004704456808367236962
0.0177529717461285867368808277901454582110145687788	0.0929066148220233391923161195110282508770212540759	0.22557037737580481230718311989203642021856199287	0.4115651153601974962146385850995191976509324115	0.64512788851352195256880405666124251618155637	0.9192358190401828808164333085802177585046134	1.225945069202996678693797223862606827885285	1.55673455706746911634940193582648587757728	1.9028306149604584821396652551562913632963	2.255494729639390890691378054609011160374	2.60626412656486065736712998654188791124	2.9471419111115875839222981612291268345	3.2707388464188093390250848963674627726	3.570372371553524300068837414143191804	3.840130313244678388918312263118473522	4.074907277127939902105432571883013745	4.27042137161785841525316906683646753	4.42321816096839474857121483292117384	4.53066863436465816045639288544451322	4.590981329933441702437078091050940041
0.01605392865743050821203700480696771866156185546913	0.0840743930639051838821118527211774241060469623737	0.2043834789130879835236624757268203249439354445	0.3735769426609601637953713371215432289913714368	0.58692795034470607666968615367473341781046234	0.838628904197560719495818681236208712398218	1.122045313252384472669404283955073691751318	1.42997893142735215662000942588914622640459	1.754923273431830177033381369108562443158	2.089297603959731014973907917036870977517	2.42565021681663272965299656199889545607	2.7568265169807103858649582519866782751	3.076101378963534872852136519217073369	3.377278172934671168672262207332482749	3.65475869321037596185772809910228769	3.90358913383161516947405980672319472	4.11948745235880708086314199811846495	4.29885719217356596859042355418437932	4.43879237484041591728435705631182905	4.53707828000952555662608841985913988	4.592205457010379139234359130051765160.5287825296517374179421325531643125667967751749965
0.63975031401998413128334899613454956232614070756357
0.63785462623257341318473070261765605020151927911898
0.58098657301416416444983939919457386488768402549619
0.51037835659612550445620137118348319202801192397692
0.44356168105532947444423006664994727830372421099435
0.38469256317695695906362378679276171375812467350242
0.33362383889802016397757062973011696007511563403976
0.2894071175732971493203454991637929538436279872486
0.25110735825538315148041883558649358746761107101413
0.21791428062070539885594195725159373166460723241872
0.189134502927265896349568000553172593447083416060406
0.164173161052707047604564196297303452226591449146026
0.142518322707737539427332893591034893912962206099412
0.123728427097743366412853733382815786011462697318876
0.107422003083318730569988056305002105475456818287981
0.093269113711252182671282916159023202055857545319868
0.080984153565524895800398924999665367410030426795936
0.070319735669243584882489067353025629675934015699898
0.061061473507429106701781122271162217973418421565654