# COSEBIs log filter function t+log, zeros and normalisation
# Nmax theta_min[arcmin] theta_max[arcmin]
20 1. 276.6
4.3149821005190480738680115474979740343527157920011	5.4316690225679647161655709985791100876390513316831
1.4828402933570584336928082351209976019870149808277	4.5084743983510031055246814352331505805171127517224	5.4502285790752410243385978076433829661064176128135
0.76667544405532003903043602700844907729201444942964	2.7373333317043994836346541414613607707222432058949	4.6934625786006109735636016175876327903688512509848	5.4706130750463962728844668807632497256823181739346
0.4561397490700569598074294659978592144022229908991	1.9242469612604279153011522895657028028026866403156	3.4784508388260403712399623441576897309899620436717	4.8539836249401517747050445965132106752155981107013	5.4907970577531679273457042659867075265240489509014
0.30146414817097686832477378993718143875153937355313	1.3752146335049164913523923490584813857341636584432	2.7506979814614316160100113929317203950371797651776	3.975048193710750826484349094727573568984011197549	4.9902869214798858665414030991446597853166364978545	5.5099320214395304609972234650975473565335268300551
0.21329507375196607466815863633411708976223655898925	1.0202121184464945025468226654949162426219745925391	2.1543050529656725353481086024284515544797356176514	3.332414817466559752352167812599737071080277533714	4.3248351692654839875938693887861958111941790236006	5.1036748033750868898817467580714826341484113228206	5.5273760300962380551858449119772555496494240535853
0.15862719657185923571513715008397996255512184358952	0.78009964109452703943869128916541537343338682648759	1.7139362197801347894863408896588546700454881316304	2.7566285016614270768155196947477430063882429413457	3.7533680336335334328086883235177292653565719627233	4.5757613087661439274919952890082109666878803457345	5.1952367762438054858258928057702378123710049898789	5.5425837319943988525335507678071588100204869675314
0.12243502669334398823179664151812290609781263045618	0.61303440122651275711398007149007019098346466068578	1.3830967656224658507538566543521657963554430479714	2.2949527363344541194723378681023174875047297773351	3.2207259458445529930423867750889119311633192477493	4.067717116002372126008166273335786266144719619239	4.7594160292994051080673484968684070083624257493449	5.2673513813544952840694271065914922850876627121774	5.5553029067287883998627648341099296128017919060673
0.097297287729581926265282692912449491528992563953041	0.49301247939986217492211081455229207553354402271725	1.1334388930536764336339179993386282326662391070713	1.9236330426775448227262165731655215290024849540156	2.7676159924343296103725865355151696725492546245965	3.5828944118188737116275679229429009574977779319731	4.3090415811626380299554233267908043734082931984436	4.8975812340119500908301832938890513058958079931388	5.3236371763961540304176336607748299205916609697604	5.565645765765867273371643667256066093986947357154
0.079145612574332098992710156928384947559017934164895	0.40438696708266139301312647557540316833324135274363	0.94232085486734515385914456254543756344673739831169	1.6267331758067307759176118453957619229352874431154	2.3853214397322088673447878491722887937932009163702	3.1516068855466563042390741982521091370660009667152	3.8699439796941119876879395452433440806496823081702	4.4984630458433283134777482507395284862731841999466	5.0044595563760414469530942710629099891884426075791	5.3678086908817549413254913949706824273046248992528	5.5739566437820221249157703549648927995469096859254
0.065622517061564348980744184740270876257696471080707	0.33730212642300074207412046569390593196544504901199	0.79386391123945962161743589421145897546085058973748	1.3882440692255523744571410091039201377819257837657	2.0661864572108295537173489974340527371604255099112	2.7743921201492327103507228855512378430051853147009	3.4656980216520969930717470089504475194928203562022	4.1009340632595873448614920370234867955853283101189	4.6498440622094516597094946141729033846860199889157	5.0891016786515073708535677782201041456143188007462	5.4029240084577852032572255311290755383395086164355	5.5806395394939226120992630935196540701616795788541
0.055282478252251710364799717270785338960979209741424	0.28541533303595905193695957782665847549628204869443	0.6768023502168059690431597247093992064531662853862	1.1953654697038485295269650162647768297248147491836	1.8001238585412326846905284421131284790331873777076	2.4488129935582362399123904502923079621613322591982	3.1019109430667716981721577712100036531596555943247	3.7249808895077220577856552982812936501187870199201	4.2894215912287370554725998544603638505125776697483	4.7726845496932483383369019649736113066685206217217	5.1574029862851502833868245557143095568766667904652	5.4312561451234723361989099632021767932401230889865	5.5860560540038363627615265253402052405822036002557
0.047202021980501286461367521449389148076131555341051	0.24451771606070905861483686306842076268831108418804	0.58317582421515813234346164078103914554784022574773	1.0380414005303136357336258621761166154352355933041	1.5778918690812795253914012606987315790429867195984	2.1692442906085070578776405905428432938966336251489	2.7794320675142406571595305174440038694852136236744	3.3786503646476699095062242102681118092970484149554	3.9410693622984395410621871408767512468430019850554	4.4451624072153717914905525194657196939001688419162	4.8737058014494753738922285476040878993514583078739	5.2133624529610055442117165306431837315939171744411	5.4544393890749314225685312579056797607737111282027	5.5904939612184135008983885666420929452061681581266
0.04076896166240678623874952429709729397635704620778	0.21174419881983397238255613848372015971437260473341	0.50729561159831926928013353567339637049712745927555	0.90856009492158955940586363494631226116059056380693	1.3915003404297664661808141440735527925992201698115	1.9295292199458100432627989249300209231477980200319	2.4957871233678869815799328021175451254038861801373	3.0648491435748658243900914311784806205681688670127	3.6138057392104398831898286059789926210076555156823	4.1228214590952337045159965111582589161773412178927	4.5752876558639018578270374066651383721133757106161	4.9577726796403787805986903901681731820590387939099	5.2597994710214876231448988799479571750486782086326	5.4736500921186001150063170970831293628110734569537	5.5941713980742458325477632218676192857678958634511
0.035564852703413006235508795294409342638452374459439	0.18509601316404220673616408316678506127545424438956	0.44504728662625354837459844786779143325791612338495	0.80103224643579736181561214536291744111281764366804	1.2343421287492766328055185549488084377551350316728	1.7237621634014936418513512000142652178038688032609	2.247242691254399317981588218234054535443022470104	2.7832592474318114693297657721430626839981681773463	3.3117842199291252753332761586466732839237100147381	3.8148836079833799808963230172733096703542350930885	4.2770138792486829205245193127762389512652295952772	4.6850970242262961619248968343688295996806029036833	5.0284716245279476869781503698784814956530730874806	5.2987626704943413162948024802693154653594663775448	5.4897473449174768712528496572391225039532586555013	5.5972514750829107101005378121476243610669875058796
0.031295922711421212302289110866815107292235399831598	0.16314790793194950137672526720682718222766716363679	0.39341346332011566564584349476533719212483653742308	0.71095645010502604050071940519178184091646717762464	1.101055390930956824556304570246070135002266099727	1.5466766043777101581971929289744382135409688306543	2.0296973281970857871860191065032071084685819979161	2.5319671721348293949125893879791798180361399627384	3.0361322386494284780280686697186872348027267680541	3.526206625763390066650309268903683314373111068996	3.9879171395391740341918318131866731845933886428608	4.4088704051842581998782071780952476373664088618203	4.7785921961387292768180035821584552680284245604031	5.0884905045234065621640337261364187502932842070952	5.3317750692966208143449610079954401344899135718979	5.5033696722882722508342661112014727755085013967246	5.599856568756128221771073032873904417392575649274
0.027751089871561833212548136438774105226189327075122	0.14486318549702479516531278529107773299032592329409	0.35015049151108302846766140826572842042700240585596	0.63487489160310703768042704256075748010496169374387	0.98732882334472139929972918981756304197562248583597	1.3937402014335453322787569422113753930481431104061	1.8391700725429362754891021165935965840514459175228	2.3083317024990366244581110376218232617520709379061	2.7862686844663298146272512871665617813312600841907	3.2588660176483089625314418163415594478439669718126	3.7131983539245844724861504903841033472433939176953	4.1377381163117150056484194191726771951037816742555	4.5224551396191287397095641527454657249284910484121	4.8588391717821281803228100324574718082228910400765	5.1398746537543180495720251999499442626443291649575	5.3599897103729451321456335638878887111444395064613	5.5149997175769893296259512289753656032982524484362	5.6020794622754771148198019870559494432717173196776
0.024775562655711789226037535519103907494215686445893	0.12947415691689061567321476401132824097853558708782	0.31356739164256834875483398962144084573381489338063	0.57011306334894467296083859314314885359544006395933	0.88970565753222352649407408164095490385542778156782	1.2611290331597162638407578312031120272153130575908	1.6720188401076603003750174453620492143788862860015	2.1094917639143606002697744912876868123636527980765	2.5606934240995603911941647511993983627130120641792	3.0132382785576042642720152078672070245666342715153	3.4555352287723987652824460679089011008821941101361	3.8770074822755247509138485444876207909088583393479	4.2682236840047197790863114696123969028008115536217	4.6209607622648411554155685815745004254597380534409	4.9282183228090989714319926350475172468421691882539	5.1842024252345847552532772159220064169430178894023	5.3842930196366707964612459869433727882875503086181	5.5250078688407983064985115900921305181371373203156	5.6039913971416194190801455377655648191405187679586
0.022253763057153992575556593568755206166321984947374	0.11640306692048849596671744961424759873597063173764	0.28237325586423270639071021062504591497337152550358	0.51458591000439817027923248759007193304285341179398	0.80541219711412758556584654913824358849068550633993	1.1456506455595002891612642582992412228034632454325	1.5250195084375852178946198009091905952111131057711	1.9326399734332226797097416834054898468979734964499	2.3574743961774603496408070264087097921212192405767	2.7886960660214638313745114630557139569862318915783	3.2159803772970946141512674795186680303430422782907	3.6297181704085688679836060482510632480629959988396	4.0211593909505717641186826688678176110341388781577	4.3824991478354821516251376275674831453219659349929	4.7069195405172160564666256733111452173928271729545	4.9886000069547218507752814335281911921196529316289	5.2227074745164062551760901996549412572425180002046	5.4053756696001949218261997411782123824410435575618	5.5336822394917919113527842515087087670131043938265	5.6056477709510750779681228322336040979261712142513
0.020097994741502447844635882788975429329296336502448	0.1052086883995115958946594889603993557254591966181	0.25557061187142964606417499744940440956623794634422	0.46665435934353743424826509281098813222027275856134	0.73221625010363342675182893313317525213729951996446	1.0446532451248934757406501230204489665621439723857	1.3953719142304563512554972130860543704702313193897	1.7751603410303463768439771603162239904292176424826	2.1745368715178563352042017775294642336367599875716	2.5840564223603195472777671520312943578178282982402	2.9945636467515809718924986962034568617857573378381	3.397389958623870185230373775988533281052415520661	3.7844972496556097080583286295836180537774998796242	4.1485748733287428493317605403481837291349713934336	4.4830983291996239983324701443235242328058674148367	4.782358524743476014857808487153473200660151451979	5.0414699748419453553603209458254802045879108478483	5.2563653060638267222187159920637497232193611275144	5.4237823136533460442118889168549957587026052480754	5.5412496831032745725196514855050607708745431897836	5.60709217605913253127315378858641031135751915563130.41999551534257946602803641911084835204052623339245
0.40137212831299396704065661919293698991516552691743
0.32877526295836716054281435182113201497536295724834
0.24797671457287259860329849429802772606705131705654
0.179727136012561553288953912392949477341380193873591
0.128308907405555524958794000367807591686246307081045
0.091217009676322429181050279097016147431633013471379
0.064802809908395282001169948491087227970321152272887
0.046042535827795064313036499202833791837617451489175
0.032720079448306096807479293372584931606313398638765
0.023256591074584170831670296450883236510432754717587
0.016532475335006957085702236392197859760894254352119
0.0117537658438006353212453073182745839115566263808245
0.0083570698755308222533729848229807290992412563364722
0.0059423986132399786975138912254929802798220245583153
0.0042256629835521256199371557592896850331761855976537
0.0030050316635478775351816442013574964454838774532913
0.002137081304900945741644254614993658734504751119644
0.00151987607362185245982511583828979176157114943256779
0.0010809567074702659255225681321842764915099125338916