# COSEBIs log filter function t+log, zeros and normalisation
# Nmax theta_min[arcmin] theta_max[arcmin]
20 0.174 276.6
6.06233134717035904576257025227423874270195010977	7.18029362580287414310114836987691844489947955091
2.4854938695427570085245166881218911519626773809341	6.217792228774577073120710722334904082268011035841	7.195364605518112867796463104224616770749286282711
1.2672882749087385981129468766001337296191101880285	3.9910588084362573830069919722767764029346430881752	6.37697073384205081875724876893951440712805808642	7.212323460364165411805781447332009677227043636843
0.7283135301755660464140155397387907411209547473474	2.8256119789537102707474698124760930908046009598485	4.8358483440655796752188229407096187404514067513876	6.52362435386823830232784482960829213305529894307	7.229750662683144558959028415586481079170375965624
0.46585076027063604427449005388685708093910384020878	2.023097878197406040825074632965765412190356790063	3.8552222540884382751620239123886653888921144066274	5.396491601244422321217803822939328939783619232146	6.653587033698756068534538650248527985441473052158	7.246840893278227080493662123694097402477644074215
0.32174245665599768315359641999759057963963623946167	1.4917483863508076093997565041389289490448648327186	3.0414968941623254835497883039232980764835763161702	4.5656786296403862307220936662339083484142322824048	5.79741810432550808561944747842182421644923778218	6.766545970809705914615992493059321086157923039809	7.263071554292333185384929082756698554367024110506
0.23489421619239550188328955060231266161021658158649	1.1322483663886128637054129327578194232306044603986	2.423509383913273099280911043389759208588615500745	3.8038401017226675869101485312666019224179683301229	5.076919258654819850250701924287608097137020958885	6.092333776387086977028551118682896777849354824815	6.862523811105442554164599179991072692736948277665	7.277970495195279020637260271341748146553043548681
0.17873304477119957000484119543332556440317332725797	0.8828429279400044565402387513520188374406929802872	1.9541130897218781942790171461216683215871070575318	3.1785671942543144310829152230991816598002403577849	4.3826193065972753795812551141375972431852164899217	5.457568801067239423989517623186793568834234539761	6.312228474250864837489408565161820754887498148851	6.941975264487375941338948471190500103502599659814	7.291152971238415099203311833929243870820914061515
0.14042571312189012744799736342631562588184707410031	0.7048155090087646250288402342436285584648884329056	1.5974873149423265805571598317025726664927059070785	2.668630092781993885872136396731195239971130783433	3.7816960306791238825567367803075416919266976008433	4.8312126205082907598821836489352934295842936707654	5.74948582709782272420268779855043765764713788897	6.478960292745693244659430083944270566687048427056	7.006432516614404912928027552455807150548181552297	7.302436912516380651877367678086981755492567187683
0.11317338119632073945496193175427322535211167246252	0.5742809391165066699010675044153767978810678989252	1.3239403954856969936731095312621834728513418190787	2.2569252726788994148608932274938991804152421948632	3.2674363173427992715597131202971154942734360869208	4.2665542345989264471178168755727169194380158366559	5.185716178044549729702685736695646896134394536197	5.978904880411917317785258821709685544109750563355	6.608190293991304279769202522411621556319025964098	7.05829483123592691906768228610461928638313183724	7.311873099580311515401933418705793289047380283146
0.09311755458427425758885255734736978003539632502782	0.4761815870326437260261729906921013509328454723104	1.1115462529816744590269087558878709211489340631261	1.9243521537181142468277062776085064178669029836168	2.8337740035693580849687616480101699044263057860274	3.7660644399612072898336249229427932275305262924493	4.6607404722675995252791990248408306258852819766012	5.470698524233982093588336892766478168044332170704	6.162763938625090641464721345133072044636573621363	6.710633143152750800631421218345065032622437563443	7.10013128325232823517916065402032798473630998605	7.319672498542264538685414365290589678530929084038
0.07793985245175889023088571725570803716266840105453	0.40082289598895902827920789679384623613493055153837	0.9443938606897578208716326831671539732913587961185	1.6545767763389617892777634955594917151114745348359	2.4696837245718522617496252265813561321131935136466	3.3298676447411449352591373483544635607990640738548	4.1826229252680057511544556011695925589009281302596	4.9850269410312474218159963315354334306566665209401	5.703252283776861288380516338053176706158492690589	6.312456194729391694699370237339210614709084526883	6.793453784729700324595307876508703846126949075418	7.134183261912739418401015912760915213187427484253	7.326106467053968364274841864748091310562320226179
0.06618240886794392912850530066670680314552869546452	0.34179930396894792583341614063983677989961482011956	0.8110670416616857986560804022425872123571560241336	1.4342733433659603659216343179461419345107907296304	2.1641571232407850440826065843556265637055122767257	2.9525442384551898443147411126625906945259468802929	3.75493491875024415753369792167959229768958956168	4.5328843603406182271486300904175477182504011100591	5.254810808977391513135353473167752356438012064947	5.895535197890383705899292093668336088101614261301	6.435961674731751942249969855947108443234932162919	6.861498797390248260940709354559533449467334664314	7.162213730438453784009426092420285613627068698955	7.331437234609124591937473092817303933267000489838
0.0568922794336008347945429440844215845833860835339	0.29477304187620688160563096725818575874552968301	0.7033443861963471896673645261544972769394472819	1.252962916563155509339110188163315739652043871	1.90716007929348330763219025603912841198513523	2.6272728760146695610841907533961365116062722	3.376020915651246816329923729145862879072615	4.11976948387903731985284173845189565741948	4.8295959366381405935019739732152623334369	5.481560898049998300038693914683935733707	6.056370606831412405451478891136851571212	6.539048731264223364447734219369878423169	6.91814721330461934063492649612533443736	7.185550772669135035518584770371972226492	7.33588749900882552147755122067319147845
0.04942589520640569719620720433646424817915054997932	0.256736066588574460151678918094663388906235059517	0.61525713789912131623136156362161689109977927728	1.102513099221723532561048157411880464019565807	1.69011601959545792916753108675118815196391269	2.3470012286431683288808141713887064450090438	3.04214435499976741453692938541224232646374	3.74650192299637358909404926135246281825983	4.4341603684373593087122384277399174812388	5.082830358486764264248965664046553320517	5.673916365552273475217719347877329043384	6.1922822631072226754065831310220023536	6.62598270219454265958105496279355501663	6.96583416616749521316346299063395434707	7.20518539952969901351709071695916925108	7.3396351069801843580623991046362018541
0.04333618518997884187441360467090752555075604464405	0.225556468458385364941509580339682576329026600322	0.54242305577824270879901025704864107999954055206	0.976642524643718664163431133791269402414448086	1.50590615798512942489391958726465640806620043	2.1051664247240917627952776726172076731518151	2.74867140722162680209524221566742859580689	3.4115563791452176174905376230591805187551	4.0709175315280498247016341190171551437554	4.706415839208313978088977597303076689612	5.30051295050193166146498198970343668967	5.83846854355300506392099741884694361338	6.3081781157534320551103911941531148807	6.6999727659263853358920839941242555472	7.0063645666470057955550001754509189203	7.2218620242880393959052117334141089254	7.3428185173733832512969904417903763705
0.03830489083131067122640037417216964168750092104543	0.199692773546669883352469095443787532971927440523	0.48158516633933610413881195153256986084293751904	0.870493690339302572023331164933357799459124292	1.34871644182357598889425712100162787747926763	1.8959560703088923998170596960251094120764241	2.49083556741218088583978431974484896721526	3.1121688263676064265727332430456819870702	3.739902844886930972026285330845101903082	4.355728576369866536327481115502587247623	4.94340989136731099976855304425618276096	5.4888986892439095702503937080409958484	5.9803102305162353501115809924422667054	6.4078097893365973736468796965798878174	6.763469406116180036860878358921110135	7.041105827556672920955057811877597944	7.236146941135307297258579601978496334	7.3455448933477256700840625687131493982
0.03410053994857331007669555206721926154652295768917	0.178009995893332173078674920893411410912071987419	0.43029239521543531544868638974143452410742187493	0.780294004671921219618364331788781432204006629	1.21383370762422823223752098453362648970104545	1.7143668058762060617442594385107533596894619	2.26411452448069585083326894814957845763891	2.8450637471816381834043188679929141814288	3.439762792498664232259040391783850581461	4.03189052215334419186447235500740636697	4.60661477507150446596744269449810565316	5.1507781126745976039428289860959224203	5.6529549227013022918145861740552236089	6.103423582704425904660025458161577338	6.494086481562696691332248162533797575	6.818369067660881365978111457409375341	7.071111857525072615067220189047884466	7.248476915401876388179593416758332373	7.34789751306100108207494245397295058
0.03055156393645645751990911189407129716620580550873	0.159658545851886757107055149098774241114122706061	0.38667746051027436568551207938134100859814842361	0.703095473874740226463981977547562117201559057	1.09744675011292285904893762773376270000725642	1.5561602483430107761143943931946933791517576	2.06440426252124516248477628291517608635017	2.606867293141740618127593141615789548428	3.168415172419950925392691476251181136557	3.73459610388516167623657396020076323909	4.29199294242933375730813363476867660144	4.8284402935909245087962936685650214493	5.333133206898336357295611500698437654	5.796655883211634137863252140612719609	6.21095707818044308643307585592835161	6.56929328303672222728872631234672716	6.86615774664036894901276682325684582	7.09720647536640555918685410562573354	7.25919323086866079598149961804185633	7.34994164048391860331130644209966608
0.02752863696146351437387909194376205811582918969916	0.143992865864976163318941173310015823607577900257	0.34930103270107892222240768883701167290782981159	0.63657812337693522292026307245449458752485666	0.99647174039777056282523637918147913823112093	1.4177778778481432734449997790355235313947518	1.8880758169191000925970390668440426837158	2.3943364047017234451734472274612871720701	2.923457375253506419316426137852754654191	3.46269845173054014494438671345858473626	4.0000078677343384260647083039335834509	4.5242462129812559956560337224120375161	5.025322147006030225345820220241926648	5.49425833957319829701069799330777928	5.92320613483195695713301186434259237	6.30542576893559163230172056222554025	6.6352458345084086351557692875914074	6.9080132159366360718642207930023694	7.1200415040508698464202968836783154	7.2685657438145562315288120617102329	7.351728928532267477645373836356689530.34389082707255455865651247805959288033949330465116
0.23887360444536278415895977131509157480880107918884
0.147216617151120561726877229704417461908981019039363
0.085272494753068827226777042317631585259201293994695
0.047560585875501996714834656056871926261255907525824
0.026034672682340669962982414049094605837916721909693
0.0141471092664792927456292220182588647744698000344988
0.0076707678552095115150514682490681461147223478710001
0.0041576308084278976268600984736392122528947738736238
0.0022536776219788185652599118734649504748450271969864
0.00122181860891941359057394542679801075748962486920721
0.00066249543888964653467363457644832890429179471622205
0.00035925953368716887546210804732859456083134423402909
0.000194837743070127346686523360045484121165080960688199
0.000105674387817923533705304102543449870346241589947362
0.000057318198298079055163809544744457616344112724463078
0.000031091168126844051189833228640231082236866618676713
0.0000168655223435845689131951285052382526526379273731705
9.1490929242130749081256657470805272871912943155157e-6
4.963288698861066770221400828385241484914661746447e-6