# COSEBIs log filter function t+log, zeros and normalisation
# Nmax theta_min[arcmin] theta_max[arcmin]
20 95. 250.
0.31516908883762843079590142709799170148832679929178	0.83780207470973108372220714059386884503742818552011
0.11646249629353254673027408154653410527061658742829	0.52867446675891308732611347369178372336400736409924	0.87924472911955015559368938044381430290263304793949
0.075133705051140458825148757885101767093534419504627	0.34101570803897646922642113497051747018140390334158	0.67125528229505756439063503765249177110615747755073	0.90781586290669836403320234814542641864247689345663
0.049370290457692109251600141577806341928221144796892	0.23912578327965185200884124017543324232117716056096	0.50483625838030950876959718628700788448586160328288	0.75884688285649772137755158085586861872615962920869	0.925903217268166616426707664628166773326026471371
0.035153152995132419353446893704662586404613117514205	0.1744017394266883958580587457990812355355568527099	0.38556604909912087287462397481703712426505278354715	0.61596200168157550552407819225782246021862325936517	0.81343659943923820235358942617080470445343037184014	0.9371563958945627498994753888164480360949433844209
0.026242588556642827143550278731847329978898563402605	0.13232787665780092761825562067260289682872385626062	0.30073148922678946134895616499090515226015097107433	0.49938677477166591852338762363398559855444687372711	0.69291110140655652157375395232782479726457131063101	0.84931530410987631867747073650052658958883139236726	0.94444308680020097663170830473197037716369762253091
0.020328756803517874624137604836470314043448922380497	0.10357607574557691474071994763569597600386370844945	0.23973318593393986915327650098424631657474947996904	0.40845012873694524204244380947820959799164259442696	0.5857307616948798302632709306138024649216881530875	0.74778300470558988974537617480433409751785935471717	0.87407560322213161050179509080072029068182058613512	0.94940195014825732870114092269924123956192861625102
0.016205269995511391821779365998820339518627046771355	0.083156753809504608901515524638518363630123985821301	0.19491352486453651647385151089604955935883647289414	0.33807792873767562214731910419203575942409280138076	0.49610535832146571184021464466033227280809197509617	0.65154756739971880911719685398401777285008399108439	0.78804202072678042820206169212428793161027707911442	0.89185015148879854087557867989264598793064734937864	0.95292451285268727823115105802666900018600458194125
0.013217775470070268501288370809715947913749165953741	0.068172056703918342495178247902616066802140754757918	0.16124250613347673301441496945248856298844520576305	0.28330546689291531670725596740001427148920565868345	0.42271874565337573678828403187643471746836535860033	0.56665514335302440746214345562175709213577141558621	0.70238095657939771725658127934307968268941391984699	0.81834660982213336583906438807054076141909996551263	0.90502578224203109571577997904780469237349329281554	0.95551550533389122158655594126225934737010316190755
0.010984983252341242311109220639191328742087783014565	0.056869082798903134082178079104964725501518400796252	0.13541243489457275418168593286119753183922343972617	0.24021351646448438008730167689738072198214826220444	0.36290436573559913701626068925904871872251749600379	0.49396530779873004933160760526398431058945488075993	0.6235496143139269746794458810687248064046540786672	0.74223921362761212887097187278015147096311139877914	0.84167694139573516911802660453213622182645151518623	0.91505523435912950654520240565489759020602806304388	0.95747633397065640009112795571153931534998098068335
0.0092728965261992840239376284629300036587656753409192	0.04814242408423442200865441838502971015980212550043	0.11521852088696313193314030584937633735259242546333	0.20589016263712861253197747833313432597082275210035	0.31401902438566697769619132197569662232533918269306	0.43245177200946434915808963777861700766418252942193	0.55355866189996190233542876722386125989234114965912	0.66975411872746735463751526776170785012218747405413	0.77396057331926287055827848281963486339461709842311	0.85999361656848461388759252638585628606463327216302	0.92286208716706721883448473096512130192326256897258	0.95899578236712774582332527263710702681929129322549
0.0079315351680969384073490137314885375461339513659719	0.041269492856862236362033243029749384163991443903714	0.099161567641268281676322302138189902720105502484431	0.17820902164866902082198561573950415901771101059269	0.273822982127222425847160715881512167465186109261	0.3805558447209388904050102171895618985168880857907	0.49245885269761419796903121166737290824063812037647	0.6034419968019130260002730926717005169758485652138	0.7076105107514212609568538760654230174240326057944	0.7995601838297511268262587359510568945643070720404	0.87462218206146805336260032251469655367763413628147	0.92905545812572139267385266706519594457484445375349	0.96019693766788739983261449281302637396894702219729
0.006861215349482038561037597565775608703253985384671	0.035762871854666861033646072204465533426338356781779	0.086200476582411708552719565465972068882865388316742	0.1556175448537770577404593043252223749163777343352	0.24052351551481025907783699263362711975661643178961	0.33671403936160954006426882210650095193205346881897	0.43951265803854882102236000396441227631702779830041	0.54402178498393737343777204548233147158567181960998	0.64536634520497447985122039254116033534922972473817	0.7389170335632812444786866891291275793909732224474	0.82048470995851253814351436397522520308513587722171	0.88648174195367256204449610159015044333804020108644	0.93404986177644857434602666479521270504516108487783	0.96116281554525481985966667846862438203927472713464
0.0059936069301936477744108471356859350742195902538994	0.031284626775393385076562828779686780880391034030777	0.075597315626577609582030165113188147947623919962601	0.13697396182575524123119114817033806547716444974576	0.21271722563842860732664823033336434511523870119467	0.29954036687829081458492955013408750964024659214777	0.39373356781176310772962669608620427755197813247653	0.491340940218759670433757660100175267756638305743	0.58833754626439777685034958463044139365579841107805	0.68079726822810859724334820362958607781262194487888	0.7650447690338451124370063203905510329412713470397	0.83778729599435645455911154917147665649252694140367	0.89622432641966485425581725146868619666308193743779	0.93813511643593009061404076409317849581928145492621	0.96195104551216242938282590973488198824173351664738
0.0052806128784503227824164042884589349304004866745454	0.027594748310414963956298941602006823570832024433995	0.066818894323110501776775053937758463384446507969798	0.12142983725667506391103162333864668138112430183907	0.18931315495111732469733204077837705572588910138711	0.26786815567710259286585277099212914269550303516133	0.35412437375752656188657024121513544567325715012539	0.44486796913567466605033700380951786790961331382472	0.53677119660200862115216708286663714893868442106801	0.62651862072800212547756006546549560789740503109117	0.71092499824551195471078057572745841083959870177596	0.78704119431787177044323908020041331441711934699458	0.85224589694862450571827155866787041391423052452618	0.90432211647045282808742275200945715074503594116536	0.94151868665763730398939625191909625095815708387758	0.96260264315261032890576789022888702548510102473553
0.0046875888267634942961552556203028627879824448840241	0.024519112379643272898047981702327708899484682004218	0.059473065737918745798126711476508665509086218061237	0.10834736670092494073000160362025028363858604747056	0.16946287594687129644363557307603619718114482100914	0.24073836677239721891341439645611850889819052820996	0.31977350367054125135262407750724429006114216683704	0.40394026743071184872861993120801915831824403336268	0.49047843935623607205711378237779740164426418057513	0.57659080767438393408306513540870975201450023692137	0.65953438635696946087445697352222406355694640427698	0.73670475627625581208657620669153040331241579025666	0.80571149690975780768945960838249578438049217003101	0.86444347307849789053538583108668353484631597881395	0.91112343541407281471734096327364029514741780172716	0.94435218957497073970725161136729694706239641071632	0.96314744065187640881986259217193973063928299582284
0.0041890709600192022724126686717668350807108802661612	0.021928987305725032281996872435506257687146030860538	0.053266691252159516327886722744836748732517973352652	0.097241388329296244317629297845877391571055534375392	0.15250379116445092061471386323331853134288927606096	0.21737081855933230580540888825273450168152125034053	0.28988564566035283514085957897373966395477352136433	0.36788467781608940090775267920400729457475114744948	0.44906862398603501342175314982820281419122369070184	0.53107469403434562360520947662620626247577544092615	0.61154724503724375633598568940060494336153282850927	0.68820466068848226802790575636964294526468037894154	0.75890076774267723461072469851209400784580325573991	0.82167960838249440919911648059972378457200624783398	0.87482285331176068159482033516872462006481208733335	0.91688955221674599847254375164014226416466968084352	0.94674847584529973789457443326807342439522939272175	0.96360755458758396324110704706163473599479046085306
0.0037660058645069437012809490857535770635394774287441	0.019727584083831477278339879857105691734181486480845	0.047977363833712379367777330422227658032502534938254	0.087738560204649670208991008085471984361020771496271	0.13791523600788792336398278298421385821072815068311	0.19713300728888991944021382323410822307832658517895	0.26378315267802683925133802953669599385167655753417	0.3360722846148087463028815933358884613360776812321	0.41207576292278971370043719334684670774452610506277	0.4897928006459915303223302480873386455976209325078	0.56720134246413231892095206278934087717354595290423	0.64231104881629224384401166901331057410921680517115	0.71321303029165735966709334420881825946322333575884	0.77812530540565430113544980395886176265308998856614	0.83543326905297826252038282165763004964395906727653	0.8837247393429172369381138467668660965458327520586	0.92181940617397915007664875537476003942411745063857	0.94879292292825243363753791963554101204864073188464	0.96399966149650548617078207952282886853962503902492
0.0034039081618525536157611561447491210811791021361015	0.017841022484754046880677421158845476687462893062945	0.043434034995910011728007520728567955716457839726326	0.079548389025756231640681132097153934107743932470849	0.12528516056095765493139145781970992465315624794111	0.17951191778184772730339470312624111158402426905856	0.24089557589399879047642653856735524335315801116173	0.30793967419763040236716366248588435695604825943101	0.37902490654486736572864573739585320763026700390726	0.45245148424561233993749353750425543339295496834181	0.5264819533619058150498691771182365466197935210285	0.59938322417363633619683033970496953056834285984867	0.66946675526244837898542173511329977677134269898281	0.73512604202350224083095571552278283086365543908707	0.79487076868434993500711572366467611464178533614712	0.84735717837436011359175206754937789704525437101153	0.89141438946734193856349429938257691977129548113174	0.92606655265328644823924047010924438916290736760411	0.95055107451218203494099225133206120537846023850802	0.9643365275106641501161408857253253572160179433578
0.0030916072546922966169651156946947772366680240710056	0.016212135379239178860626820109555167894968075015313	0.039503511322063382101033692881538663994579211147677	0.072442463629998922524778395709537336861653102079538	0.11428502279327151725492297114127951146155885825147	0.16409032878447882164765385644234211555914517928041	0.22074542379293702993653410920783130900726473928636	0.28299354424979172791591526432189016734985460257011	0.34946516828225497041736142104340325920229432823192	0.41871082694882778829345611031276385625083398820006	0.48923468681746308836200946964755394178026387385614	0.55952798136932795710785145852068009232770979163614	0.62810147689263556879930572037234826233688878863076	0.69351628824513473008090513678165597865792780258748	0.75441249771570387465495439868065724794973277115681	0.80953516518876602909476303496668015041812773001986	0.85775744196047033968452293481212624850575712983879	0.89810061127477333526192812931981467551039778784494	0.92975099191179662537901313281719841507211022159652	0.95207391530147607969255987820273244418124599045662	0.9646280588889290057392634384609060403792137497334713.0798943049127624729709852474129458114691261209314
59.16292600967404785613571510170139650180343251242
244.23480156333436305665983287749494949824512318391
1004.79332804916130275184354553107862742779443617106
4139.3194413188414159041243233288107799542605873982
17068.1068600908701053864820400487532550823669781309
70421.348558908436190637571770442154299604108183467
290671.79617192463077373136800064490375049525057803
1.20013380619765772349691382132293387512360063184018e6
4.9562270097571204748480928899904832301681647359585e6
2.047126612153280491478552851368521919688995730246e7
8.4565691588045384710876270058730837544839965597525e7
3.4937200683066537009553241454383352179496623310169e8
1.4435033846600660568440053924491677203909309729841e9
5.964537857900577399857701953154376860018453678432e9
2.4646772745242392124754697658279858286400167592105e10
1.0185061457974811499420467356193260550423936852524e11
4.2090535439983680814912098637574982668402532954437e11
1.73948197330694685549308394243140780767415351815586e12
7.1889928250118860945998198306036774087838964576752e12