# COSEBIs log filter function t+log, zeros and normalisation
# Nmax theta_min[arcmin] theta_max[arcmin]
20 0.174 270.
6.0381841047640723615065132357769456342631180825914	7.1561433449195037884820114352553738230856911880588
2.4696834743537801288919360314752974630091992504513	6.1939983897496714013929847163437984433640832315471	7.1712464483356966317422568636669125452155580312643
1.259090071799717533550197001081026937172195021034	3.9726919111304596815251079601284020046952739889474	6.3534894938315311722505360471804979160325196847326	7.1882433107413923477524470281432003416522908016855
0.72390740446471268934209677261785808004556418729974	2.8120836333143006846062332033392801510188735867707	4.8163781570289547796577324170865855836643978298478	6.5003341713125179111733640313142791142253789261314	7.2057031308869258089891903225390580537310665897532
0.46323827253737707657356727481264757908377341037062	2.0132993428096564026606799981274570604838371649708	3.8391861692418528340899227468474970578486473189712	5.3763330683654567650693786429789818274701937445847	6.6304022745137264584378140691174080083553684883282	7.2228193917010481065835787986895451545141873515791
0.32004935723438042863712943127725108051469836842398	1.4846141081446600071930822928146017332057270574211	3.0285073962165302049280147585208694201651748818805	4.5480753888292096699105617581346635032530179073214	5.7767081296527538370037264226527679267115482325379	6.7433997330643895272845513634091641768302306329125	7.2390681572800624152133349897750622613906456880289
0.23372047505862217524268348945037946287331488490273	1.126940096047955854848628390138128904514573651155	2.4130779311274910778452191792687166064827534777821	3.7887767224715325456656405085701503254098297852689	5.0582055257070467276816570197617761864017624269582	6.0711293814421275154487070132090762764702765693897	6.8393574203650626698840724083299715857419825664749	7.2539758371412518309641873825845719783144328606899
0.17787665217080575524974554675431333163600989781436	0.87879595637066306211743248826160764266297167510946	1.9457083889184169175557260536258468363805769261643	3.1657994941973202168771209895615348083405034261803	4.3660859759301430191006158860461488033723986770976	5.43802988289255195788955149862838243119710259935	6.2905931533907045946520268607445164922746450530538	6.9187450658084301471307171072047505488689722719334	7.2671578215053234790721456655271533529198840068596
0.139775827881636347416510962688849714120013717768	0.70165531625524002292668849573420122236344481221514	1.5906613895274099121986954171312259711229594863614	2.6578358559361488966770485978107371614616125694884	3.7672044380710183287840533488491264942333378332944	4.813575560589583187560761254363385812661913515006	5.7293140883918220636533069673349146197674217574498	6.4569711647521109886973744440394700041328392691296	6.983117019296173484097021584340813491477334931652	7.2784342848050710085503487405023473224430571523834
0.11266463232842811209034547502150767381005505024697	0.57175895764190554087579027044259109632861959182949	1.3183365179112246325394282247596523670478290480889	2.2477839404583867509699626946317734288294332292198	3.2547920363285714797580331152284527123797333903926	4.2507406188827672715980969007799750859973752781802	5.1672174458855324848919186309331915943869586629844	5.9582318808163272867053225335374995474747496493471	6.585919070864779288087089668613922581165980841517	7.0348912423470440169122593582504135316678478216024	7.2878591674946636376084922942045983102858527238443
0.09270917248033379081407620227613629766386067043893	0.47412976142987266301311894967885865059822702161237	1.1068918180045480134204766763120826437693025328951	1.9165749138099628038544830087284766759617523190366	2.8227510783970757486348821003676736582127382337649	3.7519577529256148915616549784553529075664221360289	4.6438814626258706814236928246160509690428994315904	5.4515086299469918044466066376173089497574600472084	6.1416826133556929496844096446068706861831588662115	6.6881361383283249695319305652735613091383075481391	7.0766467398921205118179893853714416934954067325449	7.2956460881591194114832912019679333521614839274434
0.077605201717460237133830545475939697515433759263264	0.39912520933952567757198887379952865806014354538278	0.94048312448688645273911151552888110897228073820202	1.647919267673956758879479525153566558150847032587	2.4600594267768640236570422031931062815408091824401	3.3173086672901836573771324707032444307599105673119	4.1673353645245728504571104500010702655164913998443	4.9673211391957501877867807838834256047182920812635	5.6834968175450140910510497433044385799943863197133	6.2910355755238750956831841382478756192458526800107	6.7707725143958855247721663678586750420983945894611	7.1106279669310461325637045534448712052489016929978	7.3020679952895703715321649375082050046381049943852
0.065903412939172302724864500643918771069347626166643	0.34037383992862181624792198026925662217189967651919	0.80774501179969360570495949062267520668492486179758	1.4285350553043309194793339704881155014963545359657	2.1557277954851290027052038636427524303315997158082	2.9413637485648809885750214643376114710326873203826	3.7411071060621933007889399634989150187664446317854	4.5166254337578707052991911457104600342278362939082	5.2364058790465772465903498488693777933978426342263	5.8753095210578353477503324833565241464478827078994	6.4142553398131306235864590740087033283082839238173	6.8386639833427570511685650489506813825402166030594	7.1385976184993336076337040004669117237182426552986	7.3073878148272170433685901344904342401993328402256
0.056656267894850751419662547482092564750409106016215	0.29356069823576413303394191611195601502496533454886	0.70049367590024503610514462115199921494839755660899	1.2479818696414265302848201273597821525704365343637	1.8997474078958612508802083856067061285024300861961	2.6173059872801052993779273853468805875357079712602	3.363524920250992195877264938311026299495516254194	4.1048801517188001024547736818695248315855240527359	4.8125254686919587374779070837257801880958760752964	5.4625698531054924183948661956368431665839923131634	6.0357487829086002384587311327601133850413889249734	6.5170994245387107378791891876752959248008193273296	6.8951823295619177329767330593136864138557795079862	7.161882449087187076293314751396114291489528781088	7.3118284157647814160724058839710864305341948923041
0.049223739510502570257349134053836939854663957851295	0.25569332685639303695142927754705027088871239971485	0.61278806580117315738799216799373406501557004427138	1.0981592247414211010173476997557945796234246937662	1.683567676986524534675998847357699437170749789881	2.3380957490550208404614291568030294835542543685566	3.0308483228067814990792969020463460052230539652285	3.7328858514229215580942718437016694882446311331294	4.4183723839168492126737120934393031352111107329475	5.0650729943517041970031305661736434760328320396149	5.6544277693878065516834905669446470602945092849982	6.1713229099328922592489681273671177044090636628217	6.6038250565721979864166407314911374123734576827759	6.942757767227483762254061032242172921972016660955	7.1814720484692624886538553800073211523318170462125	7.3155675782765749083981257857352508721174491007408
0.043161150697191299816728584828619815158984322336594	0.22465068913237179976011715087569210062170832461397	0.54026639521008577577429943271581275139051736271894	0.97281142547689923995652475267594009309534731445302	1.5000937944539434821374684138613805171957138903242	2.0971862411250584790659519765363421403690290085184	2.738447979313676072722021813081533216961645131157	3.3991087873857004435717063764188752778312340341729	4.0563400041003953359664531106120151546084064664755	4.6898590226109852842970445194553140817878613242332	5.2821677614531050636520031037000103032941934110961	5.8185531492124346537641769275006872177323589762384	6.2869283988846177653259334289720135356098258191923	6.6776351318088130919358950424079713684396257064947	6.9831916970238449920336499475541382357045071034683	7.1981096049702815002536047572062031602534108292972	7.3187436158157390535867547182509290020654667441581
0.038151905458203503895893444647011672454557009169498	0.19889904809973549864522521509837586801197884214749	0.47968689503241192037150090760244529435561737802166	0.86710133286125390161873903369798951953901958874702	1.3435326582101975854130906217860764867231789274436	1.8887818034385996359594965009425643240873528613073	2.4815663089228989906568920802025355697543505067816	3.1007842212966948054048116931967079079422953731607	3.7264529051855824680239097944412518367169863699085	4.3403191589502024682612567187800309273325231739278	4.9261891907692163032657246175376940347240285142551	5.4700457065842727649602049753706789781808220110776	5.960025462697469918892678015667437809438220235302	6.3863082078795534295984205309570580450577222230353	6.7409751956941529878997753333052362980377803281464	7.0178488965873165219384277297090774467726456298998	7.2123604175701972281285380672349511907923404839116	7.3214635373812250749254588584718931696694854680214
0.033965713993828376310047983320927197756250931284611	0.1773090259879531729034942385838977557823654739196	0.42860989533173448962865154070900740742918365997891	0.7772724204115762179385623244657493165719458673269	1.2091888697457391336714609747211395663585945915962	1.7078949768099742420875951080547559781148326348541	2.2556919469424216176749094965923603722140298974168	2.8346405745434901282554791710159917187236909885198	3.4273535932123547660694678892091004541514338432798	4.017563337228412786700785264112817454430210836228	4.5904802211335646252139601753329745112348358555716	5.1329794706853395471354959152237402129022970422037	5.6336597014626415204573898157665572952111214309345	6.0828166688029699247375978267846418312337517776845	6.472364849305596066575744056933412771063499621512	6.7957377787431783415332396964547771933220765482586	7.0477812225119603735541383788517824558181972894922	7.224660451631730526188972162951688507874286951592	7.323810482743573827897340993878552321023649739169
0.030431866389811136503770351416046239288861563859732	0.15903516821235918882977142038878970195592245067533	0.38517675520698821891637112044684032332846266026125	0.70038936352300787888335501996966438037191139826379	1.0932660365932644328813438354661170092012370152621	1.5503017638476548281466327868060222385244115872072	2.0567323268184609838620465245241374431238255513075	2.5973105734665041841517112763781778406329172518182	3.1569603858947475334731764428494710492780921936119	3.7212799929157640715132992716581585045104090401081	4.2768937124775544675721105613952967205643198667902	4.8116693679766584721311530006164110724678181749208	5.3148278198305621505007077085434672338475157402776	5.776972767914581639500057888314320776548361049718	6.1900672997895156107123761884148094061594015702051	6.5473781674356734348215045716414646730661956142449	6.8434057493638166128397136983224078697599444316103	7.0738108586223839706763214147528600567824701351889	7.235350344890534892776190080082867906539486525095	7.3258495985942965012283293633128518885831474127243
0.027421672130307694362282749168473765003727863692061	0.14343501425632664336250330517864740994805432725296	0.34795476097075013834226445283467046584654542012364	0.63414220500638875857381617094800114079708993529634	0.99269257121374427853724654521463103035308151763996	1.4124562894554148856482020196247930937720054289533	1.8810695706437313416530352215423894141942980374049	2.3855589879905097255024370868360610451293865750819	2.9128740312740540692150285168271954603989633247258	3.4503204521398938942248665119496377904166722235111	3.9858859425963171175783138258581257984741843592509	4.5084638588366534980767125326623819506690372405858	5.0079893141305613744601892045531761931168856052168	5.4755057963256162354216687026046078827389414296791	5.9031806480594421360532410512786270922606262087437	6.2842861201058521178714786138856859332519938911136	6.6131596246961101696709832977069000376120042222554	6.8851543596233426826324808007944866316044987473121	7.096588305969244179277420195404633574113221821675	7.2446994275668900883770340964009577209157248748664	7.3276324403186013295461693907748090219042004117320.34447780450000279159860470348745031657639494429251
0.24016152425927058346759424558535764313133136177467
0.148537380358138230645212050090414676140702297036379
0.08631912651912988984237808386612390953232802476649
0.048298449620710079182082306935861096029073986520229
0.026523744253119670900934536225710628413272477426915
0.014459786204670590148165970121746914545160409073752
0.0078659908304525505327691038183225221775176087150701
0.0042774462790951588923695926915517080995704795675521
0.0023262454905142134431165212197155297807252330978355
0.00126530672221603148916820533429927057563999543251446
0.00068833096916713417567135155958161638212009484682779
0.00037449673075763003419743514617316543401184409965802
0.00020376899696846931501156668472459013736872520724207
0.000110881739135342761955706275369717729032215877842341
0.000060340385052557351833344430518272258529824142051047
0.000032838085894614647919309295707479019044227168766286
0.0000178716986620696741408351624732513722668391821241658
9.7267848907195554053549833094798332534152589092357e-6
5.2940256631470975652024395313219345845142315527056e-6