# COSEBIs log filter function t+log, zeros and normalisation
# Nmax theta_min[arcmin] theta_max[arcmin]
20 0.174 70.
4.68895010453639091541150120260363824163151755863	5.80625526172178817995291497733496607648632410454
1.6731981802651907180032514807228220760849451426057	4.8717689775697990376438538756950138406303965840182	5.823825199548336407248490537494465289463222618246
0.8591078243956937291948864025878341730812771673565	2.9921929816533159802302080986236992689926481174516	5.050735823897504733968482135741247527458330918632	5.843345768540856135073533944849334831940651547077
0.5071030072485705488248031842823649605399356283335	2.1040024697336924444232822606830562038167576851734	3.759712850220285263565075505055678091871715159346	5.20837038749214809280911936440792641732383108304	5.862867721599607517875799330277552260513466206826
0.33277910746656593195190764383923211157438476769118	1.5037684834477520305001984776045605827142283240227	2.9775237243945425898997974498697205524413736717834	4.2727022005092207567040062989815349746486146857899	5.343643112997721205352205626476234906814236453862	5.881543401886582353265339999013472052411864470489
0.23428423963105099034319346194707860661445072810858	1.1138300528049998588520291790166885158927656183231	2.3352768181817583110216364470407086318341767482485	3.5894156030274255683284525263791556199312681575563	4.6355679562378971452087413103548482937888499130985	5.457469665323999160683351059252298208765829565298	5.898760201686331003141019276793311117175359141188
0.17357176029127419507737610322696364387953763808298	0.8502696939365992676694814186941858080279570062905	1.8582551761704271255293336075011191230186818112901	2.9734748124953964470062325601886150976971873434963	4.031387819183487673263802781121871244757880659963	4.8973895039707060411783110617954100551328438983879	5.550589414896358708167601954743803003029421049348	5.913977091879394368230219046757516341054224652118
0.13357643119651804823976103860590491010117363303416	0.6670374272897448212809526580724313507049712564906	1.4991527286148879968869723684800912562412478855869	2.4772844165513663760238369815603441293119395147528	3.4635287639232686684451675733840599317927714882508	4.3610715059649240454163736540339981276988353680555	5.08966486791967149877955549181946145443648499114	5.624795279361016315067224387031391857462221203322	5.926884254720888042469590298591480856608321710644
0.1059007447770092943489148791761028897070128427323	0.5356005582786002744694764511499709853984498661693	1.2278272630047563272123040741473688995044958039256	2.0770419670209308672375277146252769911962028968399	2.9788103778512374708091320750626663919285138007295	3.8453248861643378941205282950703624881956697606532	4.6140775192482307530056796336893032386132387281133	5.234446381668910924932146379723342698703504445769	5.683189981390793563455160623184285360249150062905	5.937505358334852469399626533484908892469780667578
0.08597834650043869280149670595003234607605341313412	0.43869770487807849888674028606474299330240708458189	1.0200662360772951448626342797059913727572967608245	1.756400708619378435186860539599183855921943825417	2.568593618056139493497314921449771950187530947166	3.3852683736741015170773643059313570219765748992848	4.1476965141824252217000569819177192575333325105774	4.8127267236792329715169145443258123077698841254872	5.346448069954789577865147576683903883226662202974	5.729236807612350751502650171499899774427854344312	5.946112849087753622635101505646720294263889527919
0.07117387175790380642300193921067180039715657437885	0.36546214820074015401436042867366801237827234704294	0.8587132614978061939017702951678766435594527609629	1.4985602975409515343639308434668965940745169734963	2.2254406806938784763424230741508493540707557384447	2.9817333420303802243017966330978710332351766239468	3.7172650376876410943277517503485852023164806839739	4.3909358260981795364930767048689927486689023730898	4.971581617513214980886674221926942574460671303857	5.435163520483006792199846390130788833851505037291	5.765940320677145736085594713467782532116545308582	5.953072131017229965758413838489423503271400650629
0.05987840637048698506908007008112157308128708665687	0.30890115731377855476132913782340354484238001875063	0.7315444254293036762549941499090474873016914104088	1.2899176478341981116060478653960292928061605992672	1.9389459125917202762916710525541625821478531483843	2.6327292125757718619043653809729912876867948410023	3.3289171606232576516614824210080246987945737637812	3.991105619681427587375363457490730026639142002314	4.589404629300834772584619999640671079874790494218	5.100576949334956823105531000398426890749988636888	5.506787345891985289999813546856379312294753913318	5.795601889821336150103876534654995718322832394188	5.958731433504914617546004181208145339093102531821
0.05106746217373750459294086151905406865800244634814	0.26437949684186682904584948081831365962258921027933	0.629897543722727988804654386152491393371829400832	1.1197047835318846359467260813014493137606807999429	1.6994269796251819743547574062798166066774978610789	2.3325872811019378262976274072308613516261995307312	2.9840038232865139883412472860294633397787507356048	3.6219459610442097301107400936131514179357086261832	4.2192265617857452370327283043030584079407543055288	4.7534087974020778421472879834658343496870658136797	5.206730373936570016967116061680513819275447469517	5.565509431033729217860660599828517750196694022414	5.819901708216885800369131744801473828102993879508	5.963377898032203181666151633503245624822484049601
0.0440638925144386502545629495172958820652886914127	0.228745651949907691087782171926087275270632783488	0.54757373827336524286725824308164877373929388112	0.979623670617748708618050716762741922133084473	1.4984235715121709244795173506254663879110919	2.0749495511458291832445228781097687058470073	2.680164804000582274674360951055290161795932	3.28686091896770035459061122702208593446257	3.8707646104704788852012158299654221077034	4.4110607665402907097600253045131351937923	4.890466940770826666567503682802396027684	5.295122331073758043164227007882924034445	5.614275350177582444170679984372686742218	5.840057618323064084098276130779055065204	5.967233622439501059222708985544941698358
0.03840601904209102156786366683249064124817337960887	0.199803960433506334443500080001413579661277293793	0.48008681532711323128983531105339992651038221138	0.863317291256342214557892344037099784652928111	1.32889402496924677428914277987549881546372507	1.853627773658929848099637304501380240019671	2.413616749868651992370466153200802722059023	2.98573344552117694928686928054962549601851	3.5486495976081015883513637813450025528066	4.083430510218401781398957800043385609182	4.573798909963291780328367274992082777827	5.00615879062463181845448497533206414008	5.36950104990316872230415221937433363184	5.65522247994245943007507173138296028353	5.85696175721308791984181245858902500199	5.97046652707994990288074994263336989682
0.03377043549898516221520192307824685205822997716079	0.175990857180143518074521115371968728348029925476	0.42414634926629108994697362204086422304358098652	0.76591693502608970256439718920510827138496043	1.18509811779178239979041880353152707538531674	1.6630567784453184952326952020800453780704583	2.180109608427777790912496516086168207028312	2.71669437219246033379964782459215350680871	3.2542544394959927064599171951592912722298	3.775829136756367966446084580855233915679	4.26638786444685279580345267900776221701	4.71297073332971261893615306407535582442	5.10469339955496639120943637068286504113	5.4326777029366573808735719085742086828	5.68993955174318943316989312830165328	5.8712782916278597176787170055695010934	5.97320334371765407511029962092423753654
0.02992522106183368751437998976619991656381499335519	0.156170505515623291157344336379093115118398847066	0.37730612059700798323514889301569073215392423424	0.683677864543408669426636377229934094410905694	1.0624059745171628308918435313092119541674314	1.4984195992645237863991106298185100985592814	1.975471253931316312547316216266673644627024	2.47704649629903711327200788446687949145268	2.9871005020980868946728521342832302649936	3.490597340728845855288946822946393777003	3.97386267422137160353772277203632957264	4.42478026914120109957830277371344508909	4.8328714531322484415077886147104910241	5.1892937435046256278583776551926161959	5.4867927138002427745044552768602227729	5.71962991183127613700758638782025035	5.8835098413131192223523251491957976616	5.9755404699777100169453445532392221734
0.02670059681733160218594228280940348624649437791199	0.139502833986174194493452190399119078352289501889	0.33772316672207116426009180815221822025160904172	0.61370143169965247358610896945964618685116433	0.95709730331001263063844635290480363092173976	1.3556357496423280098186269371125395150672505	1.795856943924058781818370124203161082104779	2.26381830293694098709966093602023036671546	2.7456946624654092565068651629836594125043	3.228249197617741640219234444476939295075	3.69917160466408086826446921254635273169	4.1472967002107038529788005708320857533	4.562725224479525388149475724356378416	4.936871573426026778269856564077620613	5.262461303028268180097541588142134229	5.533498641872140119143720228401332055	5.745219301951417568632018691957174772	5.894042531428077276633125402782311282	5.977552069427195428189943086899395901
0.02396998990921389190763655149107332639419868930984	0.125356341568519629903216995154520674394778107729	0.30399123690712112049520159850981933335059952816	0.55372690242787852345074271860278611906667763	0.86618239763660358470925587151459346105530574	1.231288586179034547282320868826676725368696	1.637846088604758694511728203517897789244502	2.0740661360228679221413566998138224529676	2.528053571025093170457218096522201456751	2.988206752662253723462117078350189975858	3.44352509125041023047820727573327176939	3.8838274152491306713666051995601148744	4.299892392233796961908343044600523608	4.683536058381131189994459225624362355	5.027642368933299431008630913339423909	5.3261613842478752654811568472267942	5.57408774637532957373770176741546743	5.76742956924705030250125670664677702	5.90317701427180044244574759571523818	5.979295892984574636452809241399872592
0.02163749456236391853593571989957617722255461142438	0.113249275360311457836143402695890216332333280599	0.27502432916752652526537400952620955534939324209	0.501976796620243073846424552904780380087596638	0.78725266964304112375029288742928350894038909	1.1225339731674417595735398047818321734706261	1.498457073847910812702011488350010400087191	1.9050298946304602001707124265360997343152	2.332018031912818716261543548160541574507	2.76927853488114390800887541443709032331	3.20703049440231259140787936129024378245	3.636060577952888686953972060995191231	4.047868172249413172497751028883623328	4.434758732771107892255998666276323178	4.78989564884518377066938462779187257	5.10732106600957566879084292853757688	5.38195519832925820689494176461674934	5.6095823416210827668493854353726338	5.7868303697938666957739131057013867	5.9111502360656898441908879268663578	5.980817436365318620402980770891593540.39592287018556391212503829363174920037960254011426
0.35012335072437239382993239133723357278007654289728
0.26848189674557097768428748397720847560861347365518
0.190342879609564746054089353093301683490132253054811
0.129641110644827948405269741053039408774191215948736
0.086871269056975311000283837293680721530056248105267
0.057923021994459609835480095197451037817899970277989
0.038582989469216258674303546775464781940335249336506
0.025701179581783043519554591758004783672093219278881
0.0171235347172451102888541211392349970473833002743042
0.0114106384272240335421445533431836861929985010416281
0.0076047865005749003959856997820069091472981665519411
0.0050688780038628312969095748509190805147136430366485
0.0033788957722206838162635276800786791167225334606132
0.0022525202914084613180252837443354205678169163341042
0.00150171704847942284026660319054497661925837938864068
0.00100121821769377251439537778172472978338760288237226
0.00066755531528796686818266856259924323062329127837736
0.00044510346918275223014968844140252059599494664236546
0.00029678895894659244880690562901573488033287168662223