# COSEBIs log filter function t+log, zeros and normalisation
# Nmax theta_min[arcmin] theta_max[arcmin]
20 50. 250.
0.66563657269746431634506834545108186254785490102329	1.4457963892174378711497405671894139728317396675324
0.20739561499172720526041622526868064185442554999372	0.95419302743064320201821289479979730545555491594879	1.4878987880196847263631399804171077232827409182603
0.13551052917402101026652225159036574246335436492522	0.58743855318418218034149517535575885885192841669731	1.1478972538443296358591519877222662181782693767737	1.52054440308776155704278033926114095721721494485
0.086805257530832024428894046887824172389082670751823	0.41713269463544070300471574419631804233569147459057	0.86096208176072381050064840374276599993448278174051	1.2781474257688035856727303867613225894161333667095	1.5446409468961079436600140946715974525342526610009
0.061495465213652600269548306296194915938698458759376	0.30226337983814153529538599679309483563348373563743	0.66097139190185695558076936861832075159172183037582	1.0422280843274242141712607036345949967650160414698	1.3631670087386648922316846842566592433552393110575	1.5612444404270289614869725074267825068046298588828
0.045580865125631271417676200465822787375902305974001	0.22865201761917330107035117044628959281028990957895	0.51529652397701637174840203979545613217084672177889	0.84786671597204705659735141735716749417719352079275	1.1661348810713693677610544082487451544347855600464	1.4197465215289229777842295845675661485658603201569	1.57248226850202876294977469910686263163280164561
0.035136064987502889279347337902732312054867122631548	0.17836023069865830063672677925099760133924192677009	0.41042061911451551824992293818146698666931441463475	0.69433967565980743272303164967678179855342668329465	0.9886253700771794749917507738911758511371444120144	1.2541711317097521324349300365664358331919478420637	1.458968855325443015090909474376810650382007503546	1.5802594232029324771345169233041374014600687675958
0.027896581372092010154181117030133201727251668252955	0.14277740392972178112161428748038591357288778467484	0.33322743089678995593819834712954660173127446097711	0.57489166839957709683338583338977433173396609731414	0.83876021028644380953602911368122197698353094346876	1.0955041237031989887291634142944281502753929239377	1.3187555252599555866581468047995998010402262868467	1.4872257820844307853105793879033376402042162242455	1.5858272830764101491479281642180456418979852546685
0.022679659011152458226645174883254428130001492015788	0.11674809438203864918685079095190270659320102436873	0.27524976849391798450914575041379148603483047061949	0.48161882520892230127007947348138586401073477185196	0.71530093082068757957549045947919036988370566472272	0.95438999409990040268867695236212957735753408985267	1.1778962356389922224991860054446486355879180873944	1.3674208926560059831008620724985340069343599212075	1.5082411763492968984570926963723115316748244786819	1.5899435572372026180002382758404429399224759509462
0.018797598449396183091503614992053773707462252616006	0.097173524348235011001962542351452800222060635189609	0.23081278744196284882906286910311211518509288462675	0.40812209400951360220924047209611122919217224878189	0.6142757717220606951479259288335303964328983128773	0.83285137423131621885537400032533099631382670610497	1.0473514449787111117945990873931852106570644521248	1.2424555739368013936256690164386398802349889962056	1.4049396252507563841681185447473353671720492968486	1.5242863646751286485483420503560756567579002946181	1.5930711500269210173150991309701368278047267845007
0.015831762106242839773470767399043806124243580069057	0.082101893341400856307267406501362949740706837899379	0.19611486694766501682171005706535161975300099967401	0.34954626911463688636714277148544389276993919484616	0.53150637253593101505648797368887628399766840499849	0.72957533206472403172216886140868366054708279914732	0.93082294794798363251853880496215997589613564690411	1.1227138417103563275652593478985963539433683714506	1.2938363213450847673603041957107729671684971314691	1.4344409349617713021908918102632754359250415489457	1.5368091517317200932667330171919297941595294848983	1.5955028062277835161216502707647202864121338114692
0.013515356093342737924837193305146180064818189074324	0.070260887897567717368293553321616083154121760487539	0.16856288958534472123501434656050615944596585915613	0.30230612112939522893229396790783974850530322640608	0.4633497664308246889596282327789925302674519464864	0.64219819973131629050019606257538253560043860273169	0.82868894789595044492800046161708044257723064088317	1.0126392533158178625928968758109702561166952630288	1.1844034249863673901464945283805598299226188950852	1.3353186313385626241304716476556880344612173060422	1.458038335996863552225153694725631620015769423078	1.5467672937623308065167677428152976535439609037858	1.59743054741904275631121763514074842925211116537
0.011671954897751280718313409177088113742689199681125	0.06079462964684711427327649234546096912194703380994	0.14635398419021571254705749310535831675995002691675	0.26376570548437577523382109612921183554824122434583	0.40684252432720994151245512529755806528978317839036	0.56823934406972682997714371802788777337526199366068	0.73992279791477659535177270055426069749230117291813	0.9136322792779005759454205575308097073510878937831	1.081298690240447435792882309729405624653056109584	1.235400170069635280260572939295195359621382132432	1.3692469434170701645815766036925901906140079538875	1.4771974209325847685232245593681993580847991255993	1.5548145268468046843420648859409815174593298413621	1.598984498569058259702871126314796926821780520938
0.010181150714391922000854516583401941117892084296849	0.05311133463312987027397982751924392449829133500582	0.12821007132469374741087182911671817322503083555048	0.23197825283908027492846615961738529052892036087568	0.35964091147418335060701223108791926248207702248016	0.50544961317079536143066008399216734354145922942448	0.66300742080929904397189897337732209284654480039907	0.82559902308659852005397840226363041664687680343855	0.98650312417602099450367162492977337807151702315819	1.1392706095839347855212003225437549315849473860023	1.2779594206912192556378276659460779801198509166968	1.3973235751102024965760698896547556213674033814974	1.4929586123346265271020924624014915520067047737276	1.5614092263953578860136107584291627921772879568527	1.6002553590285919878027746898087618447420803051144
0.0089585113268344144871494690761935254205373851830132	0.046791787936329223685042941032941025567588808966504	0.11320809636962198617470006633999549346147147097625	0.20549341737605943846494688778520446034912022923552	0.31991063325240373147362014558913559804662521375736	0.45190963477924311838951285860038423930757508058852	0.59635555259568855650186819552236806596110258625327	0.74776694234017711983883958836090212659227630309421	0.90054865388690966103225317264764661649007014350507	1.0492071168289924502354519874769574263353808371646	1.1885399496709156660982795702986877135468973007848	1.3137958685206200551886177027195812354089499359849	1.4208042429313139145280034637168674695141609790325	1.5060761060402172818866622612681453610816927322432	1.56688038081679825483333086875646547360537520666	1.6013079088781028480011408627867520299967099624519
0.0079434230184436056146860106085622568250615957290539	0.04153258923696565259467978838833455282260009143279	0.10066972368192193083301180793093633049841051631176	0.18321929392341405750953157573732003398432680300748	0.28621866012429949549917808641424269945113000385901	0.40602722564196115691475492809509746683711803686818	0.53848912283075161463882669028293500150083748223409	0.67910667358356526231708970860676133223290490796776	0.82321451675184049581219275042842313135394903930733	0.9661455546634081960674383962349069086161084923008	1.1033821803757899326810143533117563504240487093706	1.2306887288061373614952149833651263779525880009521	1.3442233473163186226929364829650139762082554785582	1.4406292855109008990679164961287341652907760897511	1.517106914428770401681461646751025483672968648293	1.5714689999955634487011512981863626490691764910023	1.602189411902220324913780210694776556702163310607
0.0070914659493921340519103479462966718791213426087282	0.037109935587188604667076781171083752487271211697253	0.090088389578594535583028790470279350552610164994683	0.16432466209080934704005057860911300636963568224568	0.25744236598936624974304710375869872828832342637364	0.36649894793960360622300808025649955530575581633755	0.48810334365920224333308228717713612208875899151023	0.61854359819512109378990942335261102859881287007915	0.75391777447926100725123448706928805553857190443423	0.89026186151537786337775197546787645302896149078052	1.023669647530074300265502733241356066199527099576	1.1504010127826717106765548978216071985293997491187	1.2669765594667207297955473087783372028644086971773	1.3702577687091774548686508803327657477438324837897	1.457512872158413042670024927319186797076949893699	1.5264693587601657466177085024277730352936121322059	1.5753548693779574834964075335042123593989892035286	1.6029350047600658905632958859739813235865483521647
0.0063694902587007162513199414835087582524992976914304	0.033355906921499960851672404334227581856834993023775	0.081080182912815867214211376684952054851151999610733	0.14816969962284589909817588267646830455781757984857	0.23269774846428404537488536165638921949924493160722	0.33226333631236871728529514078112336465289337005434	0.4440774669332281020819049713201478069943673308261	0.5650580281143475103353280705111425252341348265351	0.69192887616370242768436191043480403183961317348488	0.82131867283914023567252373148524738249274178534646	0.94985569292383380771646419244356642296322147107203	1.074255704083260947032497611810132642037098594076	1.191400953493428353991566013842703255255638373512	1.2984091662193813693633283336664066725822768924127	1.3926921964370523836436407108363763017631422935853	1.4720045422330182937107065413081865383102761226464	1.5344823661175243827936815505767605588395881552826	1.5786742835021835216064932615073850048062948450406	1.6035712469471734648242611382571214305281234270655
0.0057523531899783287286758733837133587477541014790078	0.030142573962278578649022271335224484013879769035758	0.073350183511357484445138829473581217277472905751065	0.13425658837634142481501493449841397949244316655255	0.21128423976112043572602720095381139313228175678593	0.30245665984670559802078592077427376301342701362052	0.40546255955774374230791704570124422569904584102462	0.51772713243663423500377061878694608195807194946996	0.63648761707387818911469715890439749957489266069289	0.7588699876669528463264497027949611240135588476029	0.88196396728731171972455575119592784225872344026954	1.0028940767597178293403516990613798761352569639308	1.1188850198602360309371216805350982202569436100242	1.2273202889776229180210075941012740211990466050744	1.3257934016016280891195336359740487101495621684893	1.4121516142884854744539736233967478243325744464039	1.4845322965703306053765317595919644948498440181805	1.5413924149206160998942786177323465751528988929594	1.5815320707908401949692750303015671977971897999992	1.6041185152749195864358254344983818050707021576829
0.0052207067929758678880127641499511415204753355061028	0.027371123027728449042186372010339484289245461635797	0.066669004281290171118416832638692048563650190048396	0.12219400213058237993992025207213677706665881681461	0.19264275371668786611868860947197323063427488711399	0.27637481783697418267781246520999207889585630764349	0.3714609239928284931806069444201975242946442377275	0.47573709203980774943039714110472824553866448640301	0.58686271171312198484530850496579847645365758168817	0.70238035769853976883221630753682983819208974370846	0.81977527026407814912811274137612249268672100713865	0.9365327315923227263826447240448525415154857376805	1.0501919350559063949419355562051528683430075284985	1.1583953304808939203152062025460837647646127265244	1.2589327963146597949605066517901463625893207675897	1.3497803134984972950994067765319912329388651411209	1.429133080733683232907235417801864943376971665573	1.4954332151109656349539569245630964702935001300759	1.5473923575015201117967478319212138150418988241593	1.5840099150898756604747048551946092746226073090363	1.60459265344292115491673659298564902384379170280564.2413007906155663510620981620398283585010958724478
12.9352163681758053784620376946214202009492894196393
32.908129366516542918734489533591883522907106462527
81.594618699515521320992916365448193187961345649628
202.10587066828844309598003230085586972978373718459
501.00827378959906793413484684024911331969410200734
1242.72236206213652842513131895236399905780702998617
3083.7877112611423833630079849419472294720690516129
7654.6260247868937345097476182021519604367430921849
19004.6021746597368646339892021378393710953749194109
47191.733527815334069615673541264313697889602400174
117200.454163227674535621462094488532329476595878744
291096.65298090056530662325094241002071728196435099
723071.15963637856431681541875911746626725415085139
1.79619811090122675821800015754800982136291795365307e6
4.4622279839377373042053426870071307610969723802976e6
1.10858666291428241890690427460621673157869285990232e7
2.7542590067619525608518445338133030092270338010853e7
6.8431272632340876472024452621253426534787520922642e7
1.70026693776990706615939173342696382743835259494112e8