# COSEBIs log filter function t+log, zeros and normalisation
# Nmax theta_min[arcmin] theta_max[arcmin]
20 0.301 100.
4.49785581674319449789248179684642722185880458137	5.61489118998541313656413315881896234504396931143
1.5742954525673213903558003578552779126234573493914	4.6859219352141413254074165243598430439797073395623	5.632946094342919804818312075532089349705557873434
0.8109617779145413079615200449625936073347699626266	2.8610018198767598350570052345398614001039894040176	4.867938976858613497098269737143299595668810259585	5.652897875912015977009006302766330805485766598937
0.48061624043115186909485490160854561150356071597167	2.0112683892957739518299554042454555796742287856187	3.6153293024866466106410844274830726065748102142545	5.027063480683555732366723378164667648470276863241	5.672752961852641470644429609029484001133326742246
0.31653993618107321951438622906098852170430388051555	1.437420699572234397421647743030186805412170767119	2.8609724924823260281907112732348463777351024020672	4.120149534290432018532906160794217164255664602374	5.162896042987424475606786529118368247916535335877	5.691662623761665347202917601303188274035387059132
0.22342151774883165660028759359297253194723176808502	1.0655233259465134474695023437937221671385059598294	2.2422086757519785012558323445333472078159043077982	3.4576228471765372622718960157959932154418513026818	4.476495879842103515083837744160524278353645973341	5.276547142661401301058257497708788058108369354206	5.708999453775423048540875781099228837774498346034
0.16584922472102339108676315530084388924217782928835	0.8140811640146526099355366015951596646018840263691	1.7840142324506896393616822210778611123698910972329	2.86218095066466212798539617928628157594057080717	3.888969820592193432745326148523381695943712083378	4.7328558748490820682675966752981426778468308534033	5.368922205410410579349973226689392146023228648589	5.724218717201199774246294989479503031748968242436
0.12782625337669622305089014002643569665871166946706	0.6392034602051475275082747490273544689984561527901	1.4394480993654931320517110363779147453071248407796	2.3836654230361922542856918970329391735016862882858	3.3390675285578380389000621032697779968123321975855	4.2108979294115606032678381640596436487904492632882	4.9207844550114583382284649421392872689600019215025	5.442099344959434924666655318068021612451448480789	5.73703725242063123959885225563299652517848896942
0.10146485569974241661033066761784766467982815065801	0.513663265642483896556936514072961173236103011387	1.1792760701667463560904772769632303424817696599959	1.998254362803587252620578728549883688703773448539	2.8705046308389379338992265185187311426755448516859	3.7109124090022907836299076369921228196155713592714	4.4579962971120855058165377527475893114463794019765	5.062219241748489073630677237393309300831213204842	5.499442166881090573083545097164282325806478845613	5.747522075239068900194050354062072364733962015333
0.08245834109127379926645399581774369437735528100891	0.42103414780912576233343698595328797168473098838019	0.9800849452456477686618881557551637577549518055012	1.6898012008668808414674749176390586670712028548022	2.4745792972219156984617777548028203166571859773132	3.2655418981341774100315792478925061201070823186341	4.0055163918491319143406395715211789072813445923526	4.6519785270282217808403679166161721404993206255383	5.171627178488246209115979146395866267171061900425	5.544546640759998451332533132949107752088334937333	5.755982024876698600266895005535539537947799276886
0.06831597632174818583455297693301370324958970501215	0.35097257859074941810711969179031201344551353961203	0.8253730268144950523948053063277124113354273476045	1.4419016061168688892980196388364305835681379088484	2.1437334415384791086312396563714567790588708611164	2.8754616319447950160925734121391700124879472101947	3.5884418040621779065612761141726874431544443325011	4.2425451970260284598903968292301385959462611032785	4.8070519418139277667215961139201864323957574171794	5.25828055219371657971935467004661904192565250785	5.580449037246218659634078181283094121653532523075	5.762802686604268481291772338279623000941077394785
0.05751377059959753756782592654975145295917393424043	0.29682233307908352309873053998095304341414286193623	0.703408665479343859396556424346665718616831572781	1.2413601206115937043229928653379863928067356422688	1.8677164294706466749772566604319994811542475781873	2.5384449300878854255849990541886455924989291672979	3.2126384577780709772629132337705717605943137167522	3.8548886197106479291048530060826370212579316658326	4.4359525598690198750060761110764576340547405054279	4.9329313760999079069041940379039818144351369458401	5.328222429031738321959174586654908159078513726388	5.609438742942443593222950646190280834494494868526	5.768339659603132813524309238553159719084462437699
0.04907967659305017054012673833185832420297454990559	0.2541688259101505401388780393697149183662787088005	0.605890910528196182199499620342159366197640896578	1.0777720740082875492343730230562945846325127138853	1.6370670550536793730661211783248880492146103689118	2.2488394783112697093695940005805212243356740014031	2.8791947727528946432801656101267048289800853493638	3.4973818999004081178561571703324526863291724724755	4.0768990591087088892769419084905878494672278135217	4.595765668516445963043127316736618075915379261573	5.03648515332137168850834851084230051202845133501	5.385545703230240480258539895756590867910475997631	5.633173686931773169720769866309509881666555635746	5.77288077384985614013069871223774145195220874602
0.04237023560103710066613665872905732237332854232066	0.220008733926101921523585069877643331933209896288	0.526883698195788676604257547681547638928367592	0.943139573847949444853701382740199302218980099	1.44356326704536566176942253355202116803649056	2.0003861502551149218526872471553619086385429	2.58568805437785189903072177813101324143784	3.17317070692847739161192456614877516062749	3.7392528638129114135451451257865134079375	4.2636132559329559533189603182392280050453	4.729306824869808833937277238628283838806	5.122685205365361264883125615935374408904	5.433131979222254755352592176551803246464	5.652851085388795104063010237634399378213	5.7766463073926859881377124133334645745
0.03694616961233774594026278461021616641281432671793	0.192248217911067414454589809162583146298155436646	0.46209245549625512126067035629732023556276251569	0.83134550514349083916009427210433975329117846	1.28038470540992074211813991787825216457083049	1.7870387184001161055394788590784679612795755	2.328357098117072566925098572657747457452667	2.88203230944524222320759318947396948220809	3.4273982938133508076711779855669160095465	3.946027240922191005163074151497915980553	4.422011359860584059976528288154725506086	4.84201389198691126620225255081933178903	5.19519826739033690197004325390056060668	5.4730737747762591416785961933780703823	5.66934650978554795093135745553354397607	5.77980183065880718554862629478446098541
0.03249941371193451752204883434312898762643497213556	0.169395209995520776786217807749624391166749767058	0.40836752070130623229984033404578551185545046213	0.737709791993765775150539368362744032262433354	1.14198442925141485641207415450851209022791771	1.6033832855612724417889916962925497988586932	2.103025482740928229762442960474534938116533	2.62207219998376591562546019586930303863185	3.1425806707434558809926399306434984314271	3.648085606969110256796667099324317632645	4.1239395400929143444916027648184211462	4.55746766611356241407229987389103002516	4.93799089405860466848393212421965497862	5.2567733306025659550826981122796820782	5.5069266617138411499596893716173063135	5.6833112337667489692378141806602517402	5.78247190922851613366909742969785998953
0.02880882748807534820597012698912489810553222437708	0.150365097468630635521769837320526079414543134946	0.36336711299882207842821366357547610099449852307	0.658635165365537563003786914317698674152604531	1.02389560730886322074613373193606986966840632	1.4447476801411571863700710918430823950352739	1.90561725774482418068941108739636583384124	2.39061976792801337096550894239025123327646	2.8842669331616284570538673610693191227269	3.371992018695117105057195570195965326993	3.8405007862401957817217445196310901336	4.27797447921887897761104133918600110992	4.6741600431411594286198836085369953638	5.0203813167544670579890619689637926292	5.3095028192897061855668807352134465735	5.5358686142608557189301289882484569399	5.6952378195706452403697281346042957547	5.7847511296690202181706184871664275012
0.02571238020030171692525317769728389109261372338685	0.134355191621666201120920939787236371087595398071	0.32532662304272921847030095626898718968253502306	0.591338234493249774014567247159447325623783773	0.92253299364686866532141607911056984932314678	1.3071822891085632529712960241927916813798622	1.732390320694780793796765784112643764524034	2.18475847841511291495366216939467264047738	2.6509586976016152337490048807265033632107	3.118188697808660654950071426362663697691	3.57450406719161461756492899126788777129	4.0090378915531616315385278020813790025	4.4121272032248653247354833574062699227	4.775368740021549093481087357533707294	5.091625317682817946296199801789891265	5.355001808806781350042214967292988094	5.56080553950182655247225936318348058	5.705504462676817824181561345866988286	5.78671218637035354502754987382166683
0.02308917974587751924905366315654679606072095831781	0.120761737257801110207396969848202076742866645125	0.29289925633059767228480996070706266487083824627	0.533648629782053339996197146638931609101219895	0.83501767824838450784152641212561332397071267	1.1873850368772982357134795474407851812917889	1.580023962672122712250069472423821709557585	2.0016133176855702097476067794486708981507	2.440697522186095093857038180112641953634	2.88607109763189749846124394386191782127	3.32707802453209704342406693681464565309	3.753827801320121847764155265083703772	4.1573377963606988676082249432845735788	4.529615389746686797582060640813689555	4.863694495601701172124566204810509662	5.15364012490060043913560030058743436	5.39453294047637169668170373679343695	5.58244354957110550034803812824671278	5.71440549273558802082220879693420129	5.788411644904486939173193873473916012
0.02084755968273072116515374266113911224600325204177	0.109123894159169844934166573869914045349155552908	0.2650446378714668188940882358156266899047969753	0.483860076340514306656705905799790342828152082	0.75903160729148204075798113001701690116600572	1.0826102071546704461469651579815042641570452	1.445629042627190649256220577257740189577104	1.8384971792259880736917188130939518002014	2.251366413887842547829548916423257227036	2.67445098329720850712550946334948662891	3.09828933786706334249753779778179144473	3.5139454925192222079285442791464877967	3.913153639586630291930531552035001795	4.288413554981559569253273724583699621	4.63304612692794782288569275950517776	4.94121863844617280464207782885777546	5.20794873539950470307272012393526452	5.4290948612031263069656966120896802	5.6013396740176784129215638020996017	5.7221727634180309259790079015269787	5.789894041220285319149542728221297240.40747052348599143177075108179197580344851989279321
0.37466522880313495321102809004104999051211240637836
0.29703753163354569460128202112725354790745506633898
0.21726159827351590363615643214685849749978237767431
0.152674697222615472921616462270990623335753802036226
0.105615512849537911532769558770435467687875230888501
0.072727552914316788885509887365325946710895835965464
0.05003882989667843057540119438736115979242787023797
0.034430748862031980887801122304005433978024935926091
0.023695865973997834226836775905082846058972474961804
0.0163107955026534652593040780330093658675592739464136
0.0112289213779098264569206913001172637566848194090472
0.0077312276307642260842441212313372754231451319355212
0.0053234952376793390538895193090385793482395605877968
0.0036658621463145065435100691141307928574336443562733
0.0025245314875288326513100802754219481412739666302333
0.00173862783373619014637319788915701427654047291954494
0.0011974304631060441349025536999188443355952213589448
0.00082472498007925543208548449128749234622193021963701
0.00056804273451822350342641615591340922910917271861361