# COSEBIs log filter function t+log, zeros and normalisation
# Nmax theta_min[arcmin] theta_max[arcmin]
20 0.174 450
6.5489633209657293027046191667893375866326710875	7.66696638221370687037290246153471616851415136818
2.8153945411254901908982331453684900612442075967333	6.698045887025801713065095272859471931777577253926	7.681457599216985123924181602300229948876656522316
1.4410048375923699843310846800106561380069455602026	4.3669068238134920587450108129365923891127916681658	6.851196732229354296074071033895633689164054141911	7.697695330751608225515660281349902250997980864587
0.821530608830030092120819928113595477406241451504	3.1046338484426725833592869920557099745811706115002	5.232087678634858162512555325185187905625507405219	6.994051809993450577570067389589434388243562841594	7.71449388619061416534352218302162798316977479605
0.5208252552908034251679661713114499190951047845617	2.2258368892887135430484523799964614071374889693755	4.182912862221593959281152436073790747236608843884	5.805596561750264315150061505429832979961335578326	7.121845781948569009699456251034710586299745227893	7.731075016453261791038990624484221083947014665647
0.35717645565555799038044372946431601705202439503834	1.6394599169569127158875670597398999148659704554244	3.307656616480882311093499740658969207428403169912	4.9237056007465667554461727246631794408102456994858	6.216864024166154268800164688631631392104877994444	7.233912137006830263368793293064618055992780864043	7.746941515903630886781739160373325901466283877566
0.25934792301935707400277194040016061640492973650212	1.2420622892410662776677132427996830693466328958476	2.6375780963070642174594585255774164697216367677223	4.110915882697733915463362558753884516703636649259	5.45651476354534570774803855199805694412550853704	6.521138813611784217243864116256829434344123606377	7.330125430301155173485321348642912861794855106652	7.76164999643418180750556848538532979138067864315
0.19650960939076446163128332386225960248023576313608	0.9664495228394030650651438983556609562988235642183	2.1266863054769997387514754177189435995527397245485	3.4392325174850185705068355611844129911487380537908	4.7186258533553139396830738645519225970770536620514	5.853263645089849875429644918616382886813168579608	6.74931124797357654612064110542539537087311794438	7.410683063264681205536517027913138066994400291839	7.77481805318197666877968106855742471958332711412
0.15387553884018003980701717434214036009647742487774	0.7700015194058415870942102486611455332484531088092	1.7376372357613400292379619369144022466021742081132	2.8892104564341855696420378292626381359067329307134	4.0765990478408510832185835093985377175967520082992	5.188929653326778776510730149688760981794623378201	6.157559861321055600602509712715055468419008836975	6.922926399479086707047689033460131401752721338539	7.47671213375432228876251900243724959706923971821	7.786226426374457628514994366540466074444003347554
0.12367642904648157266391624472750483373624029967454	0.6262231897650983572773595832448706493134066499635	1.4389510914720333014825210666566468218745006589988	2.4438126932627710030700956120934646770090861064348	3.5249982595702671926114714960748774562026125539312	4.5876608777286167487559853959813896289578362510513	5.560388009300416804763558332066516821447060496596	6.396795511358853553444022824054106949101270025105	7.057685279132893715122623520920609219742762359819	7.530246214619345222956863333645230339685758373676	7.795868086835588159096735448867648453635508493413
0.10153122978685268511538704595436419275450150707049	0.5183800818108837033731005743738549462723161180655	1.2070118437422942780090199408742473247907471585946	2.0833688916947972074627933429952565268338333039412	3.0584484052236584367252155450874975524330598454596	4.052773583739990965380294047341968935054920541407	5.002548601881835964735530222468264497999460962912	5.858981125661468782253973079645522419790315745163	6.588658440680363591077155148801636019270038958817	7.164565978170179460591001161825305218322005642347	7.57364482603678231214148940800382434887030157682	7.803902372585883339641197430341404607457509780309
0.08482248266795332705908515597765099497507625560119	0.43569222530802094569047724947768852046079538679801	1.0245482396003611023132927266382920491180245519565	1.7906817243825114390267068839863339161379039583408	2.6659182151829891374196156998251633282650401076998	3.5852885558051009847117010362657164043233273633014	4.4928278818966512552223077947679152018832385450495	5.343597914527689214000289961588556574868880024286	6.1026831627357973030495685517775493747954967131	6.745010178435299682883846966267459010869118884003	7.251010871276443160624407836356047920982753101015	7.609074926279099466243035967863776950722048766258	7.810567809573971600468243840492888465489049128036
0.07191185282483579542765684754796593002783262440225	0.37104254357759470296789759855754076024169026108049	0.879104452993852083757515010470304974182780202217	1.5515533915746199495732266131571218209395645932506	2.3360497189957706277039262190547647472324230700908	3.180030570639021051786760549411450981608721803728	4.0356996884888780667477023763740972833624939374602	4.8623979409706481096187052825593770825782997051267	5.627221482071483179449836999769720909780898705449	6.304243195602630200034956797828609080779648602369	6.874132472831392260801520558434773679430639728609	7.322076671989829479314989455011142811347413940416	7.63829611979969039237176845319444219280958503227	7.816111102796963460030906337275702198995125341479
0.06173274291224119812647196477564936053962930363621	0.319617465449186380148694179846582504202533700982	0.7616856330841042466480496186571864219450980252	1.354728884364156436574564070842761594095236696	2.05831791902659589211384362389021988149204989	2.83012049951130626931928153051187424528308	3.62986431614575115285253539689004139952647	4.42170808492703810745939253676863918521816	5.1752330998258662399952048106074957420666	5.865576621606229935793168019677420201913	6.47290106446049254382620533819148896493	6.982003611735673659740149076265793181077	7.38128547224560724014478555790151278933	7.66265842911535754579983191912678578043	7.820750248092707907027223739149642160091
0.05356732015868307514653227957226230640378408993718	0.278084170721311186360377869484218424085975327779	0.6657519077027573872692859102930306076739004479	1.191428329816693343142173177749885609567022892	1.82363176331268998795405939156773266816201202	2.528270335582849411544450597728583050560923	3.27168761348639921149284503698987377199233	4.0227507263699987194417197437048691687946	4.7540084657544830252535918426190465023941	5.442111824528135514438483449926216833334	6.06778704140807624162736482092922206154	6.61548292811597764743526015071423858061	7.07304553209790372419651652333647813991	7.43116949349101215906496945851077814023	7.68317895803540670810686348048147122186	7.82466361583099339130889811817766445823
0.04691843670766947002794462828347186516629698008236	0.244084412397971406502071367770132537919385769957	0.58649887954582088447396360208829951610596351138	1.054847042015343289683563336785863538428301884	1.62439227047466027182398104405741234357560137	2.267605347416771932919537255674525534723167	2.95646273818861627862719040489445673030812	3.6641885377115553299640393910196600840549	4.36637733662130877734014465420576664559	5.041577970181954028717353169038620857165	5.67147055919881210202128678931611845035	6.24079636892770124521634940649485588725	6.7371212150594597693624286085210535643	7.1505888409826414616384403277742145061	7.4736025210811917514542960382532181579	7.7006253739270575919120744724567302691	7.8279921137554422712501355516301133445
0.04143312829385062584568220914442167482962029292323	0.215915841123180037521275853235741604555479451164	0.52035560850453085590368846320750860769478252545	0.93971116177902599650793906508770005025675131	1.45436281255384269327252057085898759203666386	2.041982582543077786980547410125111451129445	2.67925551984745402294670528695341869427601	3.3432862328031768892496710040917257078264	4.01260681060617176854329201137282092193	4.667797765953515208457411386145831014339	5.29179159286328353840242296877233674308	5.869943793468734387997538745026630894	6.3899606866254781985552540487287428275	6.841737535992754155155345248956221653	7.21717976806211149221778562057787303	7.510003414488250356711695112091558363	7.71558311484302641744746171736691928	7.8308457329045188707363915998359431415
0.0368552866871469246211467101466229972264466794353	0.192326992763768568764952765363995322786453071979	0.46463549491223113680686890351763220314452331012	0.841918987526139109600146692681667811393895248	1.3084702150431908210870425725849707143602126	1.846081321254664435436879270625921214064283	2.4353309569745075528820253054034710716878	3.0566998501718935092126908767181387776126	3.691434942565156780164070355613706536575	4.32214495498736239724478954929203663446	4.93315444211745326375834683355421191855	5.5106663866694481326494554128876009293	6.042786866352508043453124269652115796	6.519463430119070670452525378699065017	6.932372262249894144820067594559866759	7.274790896685963862329658838254076972	7.541466049363538194190979096003108	7.728504421631572813225743886483831685	7.833310370992797952401588815903194203
0.03299548171171648204342336485288768561378969954999	0.172382491960209008004101289227686615294711188405	0.4172928297414689300495810060453706802936431307	0.758262664191637670285319126328877628900823393	1.18260211727799499551462080511544923694252256	1.6753741440077181515674520543838534195609985	2.22035907102477924077492888778606768170867	2.8009308829397961359743104795406873370716	3.400778362282445512970328758418385978859	4.0044435959105202152907845364674883051	4.5976828497157586316323524459933402227	5.1676748232755722584508111820511558061	5.703110242838933869879466291068714254	6.194196719897026964603872619287617859	6.63260985859225042662441895194901693	7.01141345631886941936301462974320563	7.32496921551278609901996294308923181	7.56884608267140174399060553120983027	7.73974311282777394697794866113010576	7.83545354441791874620398582030497467
0.02971119243328880404425666121098533172236075408158	0.155372599960975118697136350441455611107917928168	0.37675171815792475624184434485704403389175171831	0.686216591194139974316080988090414982146739421	1.07342525277353609339777534181291644045818718	1.5260473167115432773928003859653511963538713	2.03049006870632754944643580194389939679098	2.5725838352328395004025367525013259942919	3.138173962517502559526548531035374200133	3.71359085553458330726052459444697791935	4.2859921442160889002222537998876158689	4.843587261583684152377873134372358335	5.375763782770473723198274741139009448	5.87313821146807659626421615918878981	6.32755299922680372010701842960793569	6.7320390726092546509511548552357423	7.0807588035133266309881367148646869	7.3689417512643571696695728330966827	7.5928211032875792412893778581022223	7.7495792728010969315093068318552365	7.837328793139984781908544209901787390.33370118071253812403869985246814578556725160771724
0.21616627309696717320864561983592973700396623156942
0.124261148780835627279177334891631279384829784005519
0.067512199402124137203716594894604371574340097294151
0.035376536302650249763262202519723351852861236410278
0.0181886571947635396100551873676542072443743632770483
0.0092774318588038554772260869562560761008070701231681
0.0047199127608069922439922093771744362692987977220906
0.0023999429757893003203497060465140386152910966180205
0.0012203466200324641064213010116307117566408273856662
0.00062062511013033528185672492308549351162999809644041
0.0003156721697846967622438651570079202230346449602558
0.000160580562018365979692166706627692544542679349641255
0.000081693877633860610778624084318932599490260898028217
0.000041564089880674156995376602083120003045072647845635
0.00002114820191599210966655750143611876446072377494526
0.0000107609481409210645813015189834175140337643121693546
5.4757804434253228906704755129418616524560885103114e-6
2.7864875912976683357974502009610819225522774788321e-6
1.41801735185510311750929668495114687733500978446025e-6