# COSEBIs log filter function t+log, zeros and normalisation
# Nmax theta_min[arcmin] theta_max[arcmin]
20 10. 250.
1.9639095005640551935288725996872774949977852497117	3.0310483004947965453723089511109158425630192354318
0.5610389770371114139836775391008799576284027753797	2.2612291531182648758749067070184946585252439393838	3.0614292312299145381680886201293656913562887522608
0.32525579829805939536412529260220798764366953193251	1.311663647294119640963341697148636955556133589699	2.4804303536192110796499538874263329994990568975279	3.0895479946306825439649221076445227264972729779602
0.20244027058846348797739540195831243930511127258882	0.93643114751484146709016172204199230000486043052471	1.8215800803525437864165435223514496852014814677564	2.649261017992544878032799302093038910629771191612	3.1145906816165856110887598406735759714965734058037
0.14013066623925480475147249864118895689310019177471	0.67097837791495123796633276110973703139312044018253	1.4239711368676188927648127184134819197808335221049	2.1633263637565581615293147792499930710577372444335	2.7779787430846984904356032387828687596555371726371	3.1358108837470762079615803382636703508795780077748
0.10200690765321307952043286058376364176834572166175	0.50390523790087564022033601967145507608600127602341	1.1087717703509819987375812710381934577112321642064	1.782501695475721816379287733319179924929532551259	2.3947159367037531397574599101096378526968239633394	2.8727645418254328502751534185251592881552370856607	3.1527142767936778441289360825866300432503577793767
0.077609247030461278146369865498651798758627345069258	0.38971553235601464041767710158683033514625073005002	0.88225018402210703589840328357522623049906608959002	1.4642067717024963866763977771112571456750302677322	2.0479070192101780538933149223768011571508299561983	2.5568681100900220680534957726695025060074066731814	2.9415225771729086318344133485097548776286153088454	3.1655953427013040670902450164463271486262577511698
0.060961597144516962151095804828630890363768193412267	0.30967816481536336146905760810966375740123087460898	0.71408414381678900118650240456700579843309454546978	1.2142486816205428679135464478228718518759316463157	1.7450353204044540938185230913254887999724437973848	2.2481232054857190644322507738665174425114081978643	2.6751533420455378834812416676192010211828701208583	2.9919818925818668331012861696852046323465711541276	3.175271255843904789652352166109250977618422030696
0.049136773148166445982068956747548947699504228894083	0.25155777450156947677444308565854838979341849105078	0.58778244534535788090363756421817895167270580585763	1.0169465395624918777301093742988232778859282303057	1.492076491925120707938168425704573248079166402512	1.9671614578355357566721434146171590326698665397763	2.4021118083220492000104771819904374773334317241525	2.7643368117684864428210516956340715295200150325092	3.0298814171353623187823948723765921573636203665926	3.1825941741662437116797273485281229000049565424104
0.040436879564048156865652204572037273536056471882218	0.2081814177082669609792996714907989095929450022479	0.49110784242399701187588328145002363701811069052581	0.86074355779156506951016204798041781132319616827553	1.2827536839805871962434990098445396495238532543431	1.7216974488860918360620075096692195508753586085644	2.1445113840320347297182002176111694672200502287291	2.5227263463575355915701978815115917835807737749566	2.8333135140553036225143290693965509299860637314922	3.0590341891819340513229063985912005237872706516862	3.1882314756729704685952449840740794532594414690592
0.033854027810909092759022904890995995600599201617627	0.17501151065164806961628101775970894772346513513594	0.41582316410296639263580805101924309000750811370767	0.73596757626263105186380148260267507209363654385404	1.1100803686778347645038258551696686788074462959551	1.5108304591200477779314848303604668819734038357518	1.9114934763156616363473282585564798619347673414873	2.2877534227192255423441552094579564094323087255794	2.6187928077132967343576754066686393140647875213025	2.8877632447533578343976093741164038978538189802027	3.0819351087752810064295044021897897524963021814169	3.1926537726917273881655141053498829136717682377845
0.028754271050172634284860979829039518576664501448722	0.14911351309146550714700144275505463833319633071379	0.3562316195458633781398776393160609590474547060382	0.63528705530623856238967769047013822982099268250854	0.9672815291030858707971485868520472011281297837875	1.3310632756430192015011823415070645973878136499902	1.7051483615325374544902037390335167542853244946068	2.0691577276406335598083041406642697164746636869411	2.404801307912274736081779694901511366915218385775	2.6964654306869478381368140318814097140952256655735	2.9314886269925844134008267626869026350625517445567	3.1002513541638178811726516583353634108930675030274	3.1961845004800283389868837765097798761047320630342
0.024724106038557832786063589488744534611186234615958	0.12852497304971343159524828901567776200024157033923	0.30835663648316154411328188511634339698099076604197	0.55319140198483975452746299100034784390206967393238	0.84859912971281931212780569868896255813931357135935	1.1780951715114846984658682151768613173809329250974	1.5244253392700599181726082816624899084601197764495	1.8706611991117898246311573839115150097831436825491	2.2010349152154749905828105769917660077619281010862	2.5015075990586055973919378301061590160775725586329	2.7601118675802615677518514847140540557181325016369	2.9671240807123003517460753994746304955712697775108	3.115129093555238233305163064712163314053116483938	3.1990476769154816459500798445622026711356677410316
0.021484460474898718761118477933446116036098196540814	0.11189802717585375760114539923535677391617345473656	0.26937432864283743948136241716789938541462928701521	0.48555924995246743433632061595590067271136574406386	0.74934087717974288968779711936417862806754019713414	1.0477632991092732795878423876802643353221371613346	1.3669341235937411973640511734261908079839674834255	1.6928460828435410220408562183398541817123770039116	2.0120517368389124739457021290337489733536864903512	2.312169590757670409231947416486137152042301222747	2.5822302002048650360008298608416140545023152765377	2.812889534278047718956386480155471102877042248495	2.996543329015321122100498070315828747889639510513	3.1273774269887293569021426860987538989127317961102	3.201401446107282001782220771647068361720459215721
0.018841570060748452809121082136313021942164447721797	0.098283893594102911729241420410659549220206266103495	0.23724604348238296498143240402981271167996583779402	0.42929548471808209773865919890310419968754625271877	0.66576283925452605736787564686019582185870434660421	0.9363727056938904038609299019218783841810557896617	1.2298888429998448455858154075907977046043538553928	1.5347261098543061327139947571679605840205930002736	1.8394827918817489378860444719315955666229166031113	2.1333688595977991296987197911896588452380765018194	2.4065257935358863604425980622688301205524735622063	2.6502477681793247500004405163697608077568062233957	2.8571219713567452289415585641209494158345252529575	3.0211085298336933317324042245746157290079103447558	3.1375808136067366759689153594051531369409596022834	3.2033598143354977638772450093462957548635355843198
0.01665752934211517535376414939743770465256098074196	0.087000040426072911507032687218884284946768612135598	0.21047585777124319852101862814663599904759087028598	0.38205876391827330637276323849030921837312411965473	0.59490140337696363447627208278513107853390678772635	0.84077884463097556156433639345107401555190513356568	1.1105514486032580001672299787956750917461689913726	1.3946203774336435335861324623866870559220714080026	1.6833421877402463955739089511856213631563387180333	1.9673808936510136592929708939975201065311545755327	2.2379884526071255272860052994961920521974533871578	2.4872148003575695997431737080599484922474899727559	2.708055359966380611709094893097737676711232591391	2.8945475512915648786787584586582618026537318922447	3.0418289470466139064368772528625567522621238633574	3.1461699847029321884807496934490191168310864678919	3.2050066061067750913090054799018350870918752483954
0.014832046538779637367575583672962053040286054561659	0.077545833384390507792821944662176707659897733152969	0.18794907388190327111371659048461878566840901052678	0.34206194063991717358296968478568184678422273630093	0.53441392982964355661532915561071633730222449262491	0.75836146740770713059394447176944542420002810864347	1.0064234736767677920170277397992297273082819295749	1.2706214926642497616490214281884125382499645026755	1.5428007357744992071462576475568006907239411308232	1.8149146455232597107842885437541266894191030124746	2.0792632682748826015956195801671839891931843200838	2.3286826284118184574723289322664035724252169432358	2.5566875480328723532398878980116870226393320113653	2.7575737304881494401579537797059685862981771977653	2.9264866246349695817423755591587257460496506345591	3.0594650636827610653704263496813542288681257052593	3.1534680245192984780806931390104241653834434459588	3.2064045602842039108266801411966507644301238276985
0.013290783013939679455901904390582778107364120004479	0.069547612057805857762941873351492490442222365864028	0.16882302952243153376280393966203299900592406580496	0.30792764353950321590005564153917311630841793550241	0.48244433151426861045445114417678705360932533257948	0.68695971361240162856200515361308256865651282198214	0.91531013198894632947739452782195648384064267869199	1.1608370027145956544329616615731903756786439365114	1.4166350957884369476828453723642179849745700210913	1.6757803863407663505596212810391797741553562037585	1.9315287311754168173794568117417289951670033300646	2.1774811716072876611692664277375416293257969915167	2.4077154733903069472744957430571665479504609065549	2.6168862974926923030851961439512418943245577598311	2.8002981273719356379324397429632127804793177211518	2.9539559102868169035050111282600849676822926661465	3.0745985858414252087584425970501925708364381934915	3.1597211008937340442122005283451521382599968367549	3.2076013869595366840611561550572981387017900565153
0.011977698529327309657668060364913096001943300641432	0.062722086384345715535514987323798249312425731595356	0.15245214706903905582845214962827518957300759989329	0.27858387856104910689918796656171783072515503604374	0.43751552155339749829179928158614171282144945120466	0.62479916527222184035592840728329806917155271611691	0.83532308994165287317015475184771006345715457221048	1.063504769077878338422202867924402002851438903293	1.3034831794286446095744376866228287735009306929386	1.549300412242179651353781133969842315421907047665	1.7950653059158704067648672726487030288434457179941	2.0350947563478596135797036954521030048764861441036	2.2640310265737696592090642158258390086669933867209	2.4769355151539746294901480187141563873336559374262	2.6693609589076881204562761848196591916327850021564	2.8374049634256067101578421014129897432687528405571	2.9777481761494047209512287547426642458036323638221	3.0876805268031448351860610305205179494434782510423	3.1651194280771124176941921765302892808091077397847	3.2086338886079254933791427330870968861845274531597
0.010849904620161880194383918525738682570251521426358	0.056851423868670454676588856532640736815003867488742	0.13833569344123956591785312005751662769817216506673	0.25318826904885077278215117936759837191023177949123	0.39844546789621305552213526838147820333297209511202	0.57042369941258991878652597273008744337763961661663	0.76485613998460448115305926127631658615802632842294	0.97703970582468226173166701965714879155827122291187	1.2019845200968768482960960961559359595676450837209	1.4345584747489760697661147503781642933250924865686	1.6696210734568832367747196352016405679854602470177	1.902142613506291658880548314997775877338510909687	2.1273065862141063967510205072467735444684430382275	2.3405947499793002290704699723841334391439583924867	2.5378555548316113349209943120187179843193219077829	2.7153574460517384814042093234343210620034283686746	2.8698290754771013048233631523778122549508274010184	2.9984886694799789931633906418059501048982373778272	3.0990648707926384430296152060400078063667609251059	3.1698118561375902120720058187843638309897922195494	3.20953082086913083861051758154881721810738845135970.94898803844251334557280426223334392529423325953615
1.67066553234015076601986305164905639808036235799341
2.3096308406975058478625718123974143027320194916743
2.9376976959498477831905024324334831489037142779366
3.6559185175766857496754610463217972545570526414133
4.5340505484946027396603560513094886512334240816152
5.6233345304956695379099981428821789197874485638817
6.9769221968073703117249841592559433926939046498419
8.6589513733365545277926684885062052793203036631604
10.7489127049658485602266432511666645169778595005013
13.3455896877369106042073722861043310996184068667083
16.5717472876075765285023426429435681599310848865222
20.579940890083995008160412226654668581070030228263
25.559736087415946048365799658246096434244797236729
31.746681856831517294263783630836006138166052304947
39.433461770934483579613749102077417830084140522444
48.983751154198557321428315959319531241001255011166
60.849436371153847094873885566250645504524065371459
75.592011744122352207918264042692699222611936330934
93.909167517438777772689927459888774686959523647534