# COSEBIs log filter function t+log, zeros and normalisation
# Nmax theta_min[arcmin] theta_max[arcmin]
20 1. 400.
4.6832267691895186009987935765423918444115224806757	5.8005249965983920535141661199882775533344754167785
1.6701861941573018032227088548360109516951911812175	4.8661967684764311750692059114119225523519121807847	5.8181088649192855654010671260185571760834668926203
0.857637463787674857809634668569975806995449703061	2.9882348907235488140285326743148603033586789073564	5.0452540794981875858977224627399799294313621279415	5.8376420481272715071589120141853356579031206289841
0.50629585851721303800024786559484463221678332871159	2.1011981505090436749808400926661125133696900297144	3.7553686229121312246085001630393342022171632388318	5.2029336356817144106724157641960142936176902250753	5.8571738230148879923393806811318235924295690201372
0.33228535064251676360339818261144682973151464934657	1.5017611283073565335599932503991590818594835830466	2.9740132801635459000997877264693946070408799422704	4.268119384878819006150047446402647163567315080789	5.3382240380504530684323352639069996167777043553333	5.8758564815785444366168665270308391058966306128569
0.23395462896477837400053736438549377569850120198101	1.1123688003750186709818182760266378270158359931201	2.3324712525520388289667664763442492854659886943767	3.5854540763671471506512089248399875515175698944153	4.6307947126714912289840711351358561048574214440291	5.4520467055001961004399137056072063620348471270355	5.893076979714222604580274311021886458496816836549
0.17333780150556178561983899380914848888346456706434	0.84917558516506542028915635613928030237265706945271	1.8560164373710026889202394146324952910502473880054	2.9701266211614278481972964373065782014020595400688	4.0271115625383577080117306143048082336926797571308	4.8924558725941005364623692092542637730554525313312	5.5451456339003552326234019449109174460557903901026	5.9082941390715037552263797347282592412033467207053
0.13340244603922715230730019657163269480700222417294	0.66619641788696299865313733034981953703843504843712	1.497352228570429305692754742730454709855798700408	2.4744667321614398030051989671639838200118886766167	3.4597891190214081393080467819080542411295376316994	4.3565653804331106688236420120991694313850706004353	5.0846028258448554632386446012305742784974138492832	5.6193218681886879639177229878445559545981613015067	5.9211988624048532617845498093905569052951407024926
0.10576666359335321503998168831944381541399262471246	0.53493812328494263545520537157190014707974345407697	1.2263633052526934135223435144838449091656735943373	2.0746700666876440743943382368441406509251238513523	2.9755547063877941512240427828264265870296976165631	3.8412895622723374308124230259019941771192767823754	4.6093962954211412781284987766797119708670121997054	5.2292851382794052756635162339525031625169750641084	5.6776858405652500336554700916859710275410660871981	5.9318160588143135022562989178030057310531212023256
0.085872039103143380986536915324580299991596152125727	0.43816463058125573102855005359732851654084313747098	1.0188609591038445274189789809646236853351106416019	1.7543955657589371417866009521498755681979677988194	2.5657666859165308134373730311770871694612664433212	3.3816724570002520028013372295739620637321375389278	4.1434304082700201720999704288789104993708491420742	4.8079071654799184716999214483370378732722922884192	5.341209867211371409115986575627612693359805834968	5.723704924111269050609045105283813272162495537601	5.9404192514548560461168375999200041041607058388923
0.071087621888536932039712445641430066879344120756783	0.36502509364843501682937348964574311186006157806635	0.85770846292445757267248678985695972908274641871275	1.4968544897375278742444917045962386414047127864993	2.2229833876468891407079037958917965410734327873133	2.9785405609083572718368372253068113374946734061565	3.7133982626432300327787579770323160663269595953806	4.3864851789193326400663498257374224393402493991761	4.966649928049809498767090490670141389137480213396	5.4298641330126890439259885256933145420608524569416	5.7603847579724685997653229568264728233448776412488	5.9473744605332411094147068287387750695842197457189
0.059807085835241124627272782186922990630013128915738	0.30853699281022564405430447779114044264382456391551	0.73069672536877388911210729716362839794218221222344	1.2884558783692824369697099293079997997932263076469	1.9368035643677149610097377799786831716812788957943	2.629895991156562431661624395468738596039264198114	3.3254259246267044980195315196425449240306239739678	3.9870187558660429858583625672972612343905631124223	4.5848035579377445927067364865646767010839285041944	5.0955528116637618775649226915577585755107580776459	5.5014380541121888881504565085325954261975081058902	5.7900264284145985521516059283567117421195997411815	5.9530301515632726843955455602686113833619273698448
0.051007538991024169586101788053826643262696034051652	0.26407178712897561100682773447813619966380383027628	0.62917446035799475129914151128621846671920914233058	1.1184426190551388855731444396365146589138079739822	1.6975513818967550321005312381098223314498980112292	2.3300703562384010302375512838728756962538140967914	2.9808562882488670761249833209776858490122134201006	3.6182077318499381798040949186290037845591323307378	4.2149578277327662333567289296695261394037116489034	4.748683144960576346049245965253679208052585845484	5.2016290604319086561962514717478251585653838714501	5.5601186276580435655041152291645339986707069834845	5.8143094986064143458604744245501850565230294018472	5.957673497560071450101699832491790565410775365993
0.044012859000396998656878232295612665250355439276125	0.22848245651064964583777391721909822222438588718585	0.54695072623668548106191218022932486399758057294856	0.97852568334042826672048924948533285714327809960527	1.4967736039101967457805395192714453378570602980144	2.072708500673961266424823598229026341711824164855	2.6773271336361343937560090547154210935343139428454	3.2834483100335386079322598448289183616715643045555	3.8668193222053065376744415256451298899694146356788	4.4066396429742419134291102520175728257794358398662	4.8856367221846616634155153057655252214761555930911	5.2899559134265221693268004601011001715137766862265	5.6088495266407069464974988603428958832606524543636	5.8344512109630612539356711415160701237989746142146	5.9615265480916807132104703775211431206103950148684
0.03836204796910855833533865890208203333876192021064	0.19957642582259159209192687792402856621111562204518	0.47954511896718183538344769984118672574736779850337	0.86235526576582949666000284133670047538870257016989	1.3274351720422916684212834846810392166876033782153	1.8516263552454597719520522807204303589361401116252	2.4110556690837294209228037436348397463635571037629	2.9826201867274888265317630457510449704612095851264	3.5450114027096478698407614197114988180262348336707	4.0793096658154934473052573291945420591519140691768	4.5692486031627285525919469558482956979677984454022	5.0012398091209321940908368546884054524383406013033	5.3642791944432875891257904894965674379370379709028	5.6497667983528376313108484878468973929348574453477	5.8513432161555086704518179642221186329747379779383	5.9647571564483933934577147973727549818067120599655
0.033732165273328960741459148320530741575605802126979	0.1757922966503568042281916920390169051479390258267	0.42367146704137087314172032722185471364140083147998	0.76506833425133752900652959174117971582396352528395	1.1838016503462037864301162479920706626767347274464	1.6612632391811450616336037887990389424001139543459	2.1777939770254734836226563429229632614364327543564	2.7138533533217005803884502647854048559682263792545	3.2509030995369566577424801795703899447311295533908	3.7719972952950853321259041388393464873044713152881	4.2621166971719857798692882581897414409059451126173	4.7083098211168775677322254008364769553574377520546	5.0996983408796986577374515860092025243049045505551	5.4274082385081846474926288164271050354832318575388	5.6844581933971191118704971290192541746434816250281	5.8656493010591721007739022144443869830327313046391	5.9674919913353288307563408643224085169414520525164
0.029891617048455747904347725511877668735475116940028	0.15599578393808209725309555333519057496938068921908	0.37688670746325318607311556151414207874620659926313	0.68292459416935894279290039431706499700615090284494	1.0612480541292633280999159388404434738048154887933	1.4968065027859916289807465117709466663302406469124	1.9733727660297768292816115311640634082974107057114	2.4744513423167634572207643394752851176586124226891	2.9840140862863961594640466348391476995148254705881	3.4870390765025864430676366681878408304321812946787	3.9698632786237655401973756938149581416196557543528	4.4203792678386788590091253216603679621781818600244	4.8281150213840516045383429963153964925525430090439	5.1842329343533495663965385116968000047937533011259	5.4814820494034583127603166210136658381340760112311	5.7141263079834005893235220966188475058456244341925	5.8778717886746216992532842774496076508802253654404	5.9698273972262991187711904235562720699804384453083
0.026670859217861675270467565541946129584527047818856	0.13934794808290938769150822811220296401183735483759	0.33735024561429913885300334192355316840017983720225	0.61302887154472523385566396624756241365040185837584	0.9560581479160869404033364413727432765318361139955	1.3541795720343527312814770493384777947404519652862	1.7939503395820455468744218735037576557576007772143	2.2614442411781162083341557765223694829369999806141	2.7428510316432148475045657687124661312162946566673	3.2249468861573211110085183640259089349502558459597	3.6954324098135419349084592525455473314922751234201	4.1431512795075527393246807970931916095897550033252	4.5582112275444196867574181916846033614403948770948	4.9320320233198879296866914169911958526296133122146	5.2573432503346267926250178095603976911529495708457	5.5281520768918199695779248728523100873683744308991	5.7396962974076457442167881444352073762016463098715	5.8883965699966121283189190940244108868864804022035	5.9718374944080038140093283803386914653171026118979
0.023943490997385644667373100107681680180361331030629	0.12521812777050948774970181647090528514016661503944	0.30365762741209553378891780161670407186863683370407	0.55312315697049362058552316263465199304515778293378	0.86524555624631581590541481658338682813134690576793	1.2299692349799657678288963438642618115069719508616	1.6361090835476330178614608195089145107497907512647	2.0718904193760708315725619556418846889971347676793	2.5254312925443231391838568444761459479152500659725	2.9851419321213925813009719449204637901386551632722	3.440032041946789696767272665535802115125226648219	3.8799291064777592211150537664411806580639124110182	4.2956188780860005234974278099826753248667030706444	4.6789230524158494330320708594693566262181616509687	5.0227300040089978627892165936902441249116659551346	5.3209931681800824584751176816095113572956166513465	5.5687097029585244478161123302725070551998457570939	5.7618895433625003411743018525131397712477290375331	5.8975241104810992583693141601456353579728913252669	5.9735799988119886647430614606492827198521273835206
0.021613734952677957993779726620238073358254150862978	0.11312520274744349258944152016469449774478359551577	0.27472422939826295995890484700978107401914607005738	0.50143211769061811122857093889887192262320230294091	0.78640441491414731436315004391392815457847452379805	1.1213343076145716031357798234699102743946304493823	1.4968701457457464447370336006152507008283743965071	1.9030319424409445687797318809644284207748706526653	2.3295969079259160460393823008032501066963098151942	2.7664328065817301802942491713169282746865251770979	3.2037682847008324662317464092255605641054382278532	3.6323982852693378853960275268206000109575739955234	4.0438291808757691578988853746113715921313902133711	4.4303721909305655311483239241244806316374521319344	4.785195361907486030946124479407907116138807332555	5.1023445277204618997458299346776705863369557551551	5.3767427648881346814063197043713141224063815897147	5.6041765406126695637856219078241708583459606586319	5.7812753282240898411004173359774651887273144762093	5.9054912057561730516091639023241803265713699221655	5.97510037779187757348932169330831564184445113767810.39624797808907267143737032090296081208536668227807
0.35081353288763367834483968415497624741812429834353
0.26927670488432018836639706744134067006573451911581
0.191082415574458425465255934254034330387675368973059
0.130264844918787126263836363014997994906855540844333
0.087371163868121321953628340067649588291127138717191
0.058311690880485225641242991028591521977831667564508
0.038878975480315485785448767177137519660863485725961
0.025923109297228606951023854214063269184642101311654
0.0172879169360473945954787077001275426210395809600001
0.0115311976627115852325594447032992191004985277595933
0.0076924860382132407107283644626491842610736781794015
0.0051322374468443365917213333764156496820015462673294
0.0034244032818082004212294279522497602508017899880766
0.0022850411458930962790594561079789103845086880371613
0.00152485527003602687735002058957209788815457174687373
0.00101761724104408916480017432273788065964329612519409
0.00067913821592976384205188324471270108468061349998704
0.0004532596795059797084714482704254826903951239187909
0.00030251648436781811819610528978818051335655648997681