# COSEBIs log filter function t+log, zeros and normalisation
# Nmax theta_min[arcmin] theta_max[arcmin]
20 101. 250.
0.28787866464731728908354861251988137241428505716909	0.78133895804559197370766670595249567255856875301281
0.10867649863384730304177587445592487417885347043908	0.49163516730673715478312627606339698097292857702001	0.82215382228658647969380141442939494902649149033307
0.06983012681514661060928013355049029782564486830996	0.31829407432973583351088824524213548809919204408523	0.62730133618051076678053564602683392142687912013874	0.84983786645007837071544806266679680602471788701765
0.046002412243979984328215279544618757894676260054206	0.2229955984506018957301710146684888777204104557936	0.47167312935952486853298052976767067892268342307348	0.70997816120020071305607852968341333303031111919044	0.86707220950539817125579576891942383581448323261062
0.032772760151113576892916455533174780770130745956113	0.16272175557616321708306685499687868701474095329942	0.36012499923074796125188076558876462231822786632631	0.57599981921825841338083437912911725182344094526558	0.76139249439586197950840369529649882425502436596943	0.87770991130693461372082290763120983051020816367694
0.024481228567561691570822771466825238064908734425368	0.1235054690177262389391963468923163952397627818563	0.28089557791014801280735386284418449062741552779878	0.46685395861609072104655840452189750406372628879719	0.64831030256318285747787139572931324486057933921214	0.79516937310604406575121982058767765010699832678662	0.88457988026887057836427156386890856008904820355201
0.018973174754245489396656154525268372035954664324669	0.096701651165894563665284331407070247871409451600193	0.22394255784660355700938267979678919771760336215715	0.38179744855740054248366877953655804839318662079352	0.54788079634931438545414402447447220149359760966189	0.69988647788192022543395938660645476861963377620099	0.81847140966707292589776045883939769255751861230072	0.88925040023821996529657073123011293490016978601416
0.015130345697958165520649390241352022672159114460097	0.07765934576774556325793214351297104249447780762994	0.18209987684014522429013501775040794184138690516059	0.31601038276663573615357062366940166356810978815839	0.46397469502571144262509101068995718076612115309752	0.60967013230419874601072466071253551198605982721734	0.73772737472231250188212002884655886843980579533	0.83519338539204636112402778318165558414337188790122	0.89256612762415393207978218928151289543036318669145
0.012344798979912366191206685001681969138600489012919	0.063680811087012901970226678026532338502830648036845	0.15066434305956995005889282219721264801941260655186	0.26482143138898915352809229673182758173154219761443	0.39531058957065739814845529526079677243983117645338	0.53014932883532296187187705250943994193584005986491	0.65740246457187109910937097027133743489186226702852	0.76620912289020428279824327385815196501934199648043	0.84758481047007241355039074423706691345586577460709	0.89500385340192064340599884947828504804796816735276
0.010262082744045328434710198254609872864080742198512	0.053133741863664553137925778779426750460113763645666	0.12654692862888084831845276140903274079065001803146	0.22455433862862049071496257518739665537848558977255	0.33936580311332364741296630217675734479456838512343	0.46209672907732043836327352410018626622981781055138	0.58353181178137057470876011363216876477587919199317	0.69483205674905571543188932308124476637996705134043	0.78813327235774027933088617480021246013251038053846	0.85701460186282121662271291715353185935003866535933	0.89684798820643973103897568096949503219233293048366
0.0086645219127069554206216421692842230764201233287518	0.044988572075106215830292245370861060465768358092206	0.10768965946455316465708215165454336359652308356375	0.19248255696386233640208480825521115505730134670371	0.29365332688651114000354700217873334020978519493163	0.40452970797697263296012767652979580354704125101383	0.51797877172473949798801183465793316414063788607329	0.62689185528527853288213803243703479122894695598718	0.72462072015827021566671182650937816520751663832152	0.80534348371424875563171079080686982462272746378828	0.86435280694968044485064396006263365096311915014987	0.89827655144078863599402160464262373533811039212452
0.0074125204057011410121444791776961798803139600784658	0.03857211362700473588817914916300048987436375933095	0.092693527825712239148649691904368314895148362088297	0.16661710573750565510165679148925267069314177505327	0.25607113599788608948756051398471365985121681604926	0.35597614354582519565380891816374128093862092091647	0.46077481911414719538103547179021173477028522937075	0.56476629055434626685994055918119927209502692478033	0.66242106384214410502913610556792859606172247423562	0.7486597768668246832934672867482424006298441877254	0.81908638250957554873917598456533194165485936879238	0.87017306775365040424502142854328468343578400099266	0.89940555043001131816216287912090847761181306046988
0.0064132518379136447656892549550767681566925172902198	0.033430149541943726730877897523697940628530723721891	0.080587101644781434272450895255279182922966807526101	0.14550666534702239149841116211018278373912671996617	0.2249392203645521342497826679605592681416068015891	0.31496529293035863350630177249547788276360030376715	0.41121835958208170895103890290053699601765159077977	0.50911748736159151923505329007138405797186828683259	0.60409460875767663270078103691946471460830006598311	0.69180426281637676870539308695629942885748160812588	0.76830761021636083271982344358064367751112291844961	0.83022635553991803244039677272032366986803293429201	0.87486564495396905393181299771517085828992869980553	0.90031319067028239216354533260395862856252249568328
0.0056030604071827566720831004498156229458470239910176	0.029247681464460129063084235588477463155432309686367	0.07068183016376131004982928830201272711564240139098	0.12808431778500698603758474533243270834872755321253	0.19894364625782149220879331497975423626365708975985	0.2801960518759042667201718249038975543442812271122	0.3683787690154709797059112339130586589250098433398	0.45979387781210085753544764100996013576619763611062	0.55067303916342835615136722733432151076157866284432	0.63733464739595121480750659643851881515955776053996	0.71632700791198295219155662564599260787378758314832	0.7845533596612767903781426048171312585134663516865	0.83937658162659761485475423034939996890500182390383	0.87870332543752138907183477186254796166863654983498	0.90105374131321170731451687352624772964690428244209
0.0049371232090151314361259905329814060070093788823694	0.025800934364012148729722194501272606366379035735975	0.062480177690789982049110314244981945901816718024598	0.11355743092183193817413400582175770499734743555274	0.17706363395820012954428182879096317144438163184675	0.25057457678844411901710940409163610470105170916932	0.33131822813016844910717703876428666194029283856092	0.41629163073800563112456037785263312265064320014447	0.50238117604437380438294580997476762367705381526135	0.58648045125568126317116672893842365363844597600975	0.66560091428016719223368316725813872555192496663338	0.73697191312882525365891743176399128824139099262106	0.79812780863710433375012663778300093667818615155276	0.84698106717522963813172344741088101253057328189338	0.8818813329896430178137697983621938510265666489648	0.90166581319800845776172932753205948147175268306254
0.0043831440377018807299779255690948042197774931079542	0.022927524405276975010482021904454176902778190079002	0.055616190301205844864496701155964566469647469648441	0.10133022726528049231131091523200894094527032875252	0.15850566261311922621223339081073318465214547606423	0.22520244671861165939037777622099322070405673765501	0.2991809017548060906234041857244737296454384349151	0.37798622205494411934678926303655194863248076913017	0.4590370660183884711501253865419706697323185524264	0.53971427488694743754053315828684642681022138991424	0.61744628028853409508893832373871215223990320014678	0.68978847162909328048222754090557978850174917551007	0.7544945502008459045801279811435228910114949471082	0.80957860967384531372282462557724941224056669811982	0.85336731621363688275313869555408673424067793874456	0.88454230612298541654205751647282906304534330472255	0.90217748103356896968575605284859931856970840639481
0.0039173783529173838891004203356519215880615763475176	0.020507373850641889021373543722557835642988256082471	0.049816282097985099733258140737463595871938500406733	0.090949543094786636398170728037016007504989009519407	0.14265018985788433408947394761409657692078878541779	0.20334921712929250327523126022085737831600491187856	0.27122091283695767786624456541509165677647882845818	0.34424473675797155053378880996885942846584550165076	0.42027120424351877160483216611467726663330400275521	0.49708906340176648145209005429524558115018847616377	0.57249130061886459554119388122099372257282956555096	0.64433790254157748414276081595803332746314192020783	0.71061375669209716610424153974365996822961689392925	0.76948052961915623699106069064927203583605728925067	0.8193217813299691310941609568693320972449895214619	0.85878095318466694659957520625744767195538371553524	0.88679239005009482264491919982853748217976551395813	0.90260955292975832964331434790596140865509717791825
0.0035220547680226572064160648399863658684513368997495	0.018450182413529744621565185417574191964770876916355	0.044872858534601488000624634095248420085494597685141	0.082066666971540164980264778546461862063316583772355	0.12901047588906847411951413651470817659802555035363	0.18442295122987441167171357291196600468841800279594	0.24680320857739203397688218861276463395568728231255	0.31447669663274216460743101219622567458621904465557	0.38564467901747008284430209721980264848684158185328	0.4584354506254936288801098292705194303244182627578	0.53095552648281445109362180137357962237148917895505	0.60133925517654387867842516666809283736475843202731	0.66779557875471561148084552135828439552314384017417	0.72865095013573772821549069137928441856140732707039	0.78238769950857073023987996363921238347713388132457	0.82767739544858248893479400880733503602734832602237	0.86340898288006998127476838656417103667752158726029	0.88871187354660782800545036752694921187441587840627	0.90297771507498356476599701482456446716037737222863
0.0031836595480732095641203473587289828485578694829172	0.016687010179490430632994217179965816908678069337296	0.04062624539443099476460536571243752048011237307267	0.074410268038387974693099634261816848017596789698716	0.11720136687458551724178138399739955160262005334949	0.16794367998979475105688441276289941593521991645747	0.22539348257523770796906269805872710661898476112626	0.28815361896472322610261071482629285321300756529636	0.3547110331149202563061281453559225893672181843311	0.42347610802696249586835701007269828203910009897395	0.49282255295176481485243250284933308676802787810958	0.56112669045642302982524657882552264441489286037703	0.62680515407044458355313813467417845351378635208895	0.68835018838993635674183059870143143073037241348566	0.7443619288712782913234784965480973950996028862805	0.79357721404411224815965698890663276974940507539975	0.83489464126334576173697682147231157503989404153182	0.86739573171910660165201954744690269218057156222804	0.89036238270125107826447890829097396216198985708887	0.90329397291319412265782065095679706042965024255551
0.0028917692925381636130145564188350815076431440062165	0.015164503739222203550852993029864527623103050863538	0.036952092502154173562957139472462662474591569748938	0.06776699632197383297216996865907205516441006866822	0.10691579035921603684809105471819259295827964649928	0.15352114182809700116717108594465407609461403303267	0.20654467278692604678778950511897309603633753810653	0.26481309341672323774753730431086718869148027555226	0.32704694305421190271910713170436385191915738327156	0.39189104032113285028040755644478774749712733803975	0.45794573610816126981852819759545607907801595355017	0.52379812003043554721002395044419712350035286386074	0.58805242298462933508484433672987532457759699233545	0.64935897093956313641574460513892919068183696462768	0.70644116634512039340499657938364359600928081713782	0.75812009378333681835411701789257615488639252131764	0.8033364585571188948780964423080948350595554937671	0.84116966844510458185639431237574392844993152202585	0.87085397470953081172022542755291258430712981540551	0.8917918469081921892328025140581674627298139435005	0.903567640629554059425554884756199383548722526319415.0547020104735343432254409303604560835494548870523
71.914361336342798218475318007854796755533106749763
316.51819101037829086469296892712049623955528334429
1390.07546759545793039021104205215377054179630162239
6113.4747341866421999821854163401067150286966415461
26911.777495886980110830683551555330198422526408783
118538.387655640796848487382279303153348753063079442
522342.19194935952535827936889685408291702831435113
2.3023924520827155125637946794729979396990285656973e6
1.01507540635145397883214508190456607879471883817526e7
4.4759912356637504887167451564981950109409460530764e7
1.97394987540362941358856252089315648291416606240011e8
8.7061751766999544353483175582120205921105932300572e8
3.8402056053220290296448136078324070105529874145538e9
1.69398998587656602286438018475908526840394215631655e10
7.4729394694191902709702574880965925504537011169858e10
3.2967986178703171090427446915894955813022494115433e11
1.45448945023010838145525914226884261672348946319435e12
6.4171680904641439831746023534212700281628208940764e12
2.8313195622072535368388679801690761798069792991216e13