# COSEBIs log filter function t+log, zeros and normalisation
# Nmax theta_min[arcmin] theta_max[arcmin]
20 60. 250.
0.55423862489739935412904918529910186692569842516172	1.2706102106833080706825112136840321177016797562304
0.17937491960184547842347152692598063316174046142697	0.82642237155302557854974837627821257721648689935412	1.3133051594527575920568862640849519171630119232082
0.11749643383903702874083184999203829174455773719087	0.51576426294543265061330198475929960372633123500259	1.0092858813651542617958981237465868735110253542622	1.3455503328223611699610516842164664515303580761579
0.075755268844622572386995710438760516945934857163696	0.3648754202365442210352450369899280509205256871289	0.75829503774456945725476707836760583889660896043995	1.1292413742983287367749833184192354298307583356054	1.3684594454029042138991468029326572333973483799976
0.053746132220891323711241636956768327464885711473475	0.26491576689041718771404130440523282269370923812475	0.58108784374189741585329510661105708373317790595413	0.91980706512050195768290923445079193777043720839617	1.2062215638956310897209046368105962147224099951459	1.3837647280928894159464430401132799559371322618031
0.039920611256690242165723130517634640219060583876402	0.2005591105028795353642639897647538254834925662199	0.45310016821288348509616025021819646050776507387102	0.74747909337459606164746650213880686888356745589363	1.0306567953224988490832502420588788231672841181146	1.2571733877102536570321773073966783236853870013404	1.3939642041873392422267689030778216107491145572805
0.030815946957798792197573621388384332941370280758813	0.15660001737984708066329536425706622352275785868007	0.36096014115548964535139140930549718499336088061339	0.61191091346093723101452460925051562309297837930444	0.87303289838329499273028521287939881492120001153088	1.10952056006267489112230577058180177255917032087	1.2924369760790400247839759085947427006302969763839	1.4009795090880245224676990430369576869073994733725
0.024494953989232691330312253873160250846076392542626	0.12546300245347077923278698134231996697837852577793	0.29318295520042152393237453173861734255030887358849	0.50658950289131090857536012444767554268980597060338	0.74033089390243106073837735501738547371552958455485	0.96846252850303802795030793707622301478917280173562	1.1673811446122845818803207194096800083454038356758	1.3178158307062213104083976820886478346653842920127	1.4059888373271969085146455115410398821021368945327
0.019932813131907382776275368637379024032331336444864	0.10266565559906937130396138048293265195404472863903	0.24227446908766579481675748545494396178257934136345	0.42442777502188726471164964757752179978246546257966	0.63119924465795143424312123109360508789980000584987	0.84330110657846800603116076395307681798911947006883	1.0420646630005676698007268657643363025913516019432	1.2109670909933310886300358826768208801809586173105	1.3366731577265709753773030834344771042715504364949	1.4096865635994454700949012545566691463027835153919
0.016533757105956972704843946471411114255510799212935	0.085506816960636145941712216045521190841451099775762	0.20324652559267663933547294621303558513679400305895	0.35971644610956539585558998443832945855626726419561	0.54200049493199504116132526521402398132252549144038	0.73568162607041387307199351984374450422123558764018	0.92615568962089198434683746587252004085767772046592	1.0997463253648171967682290571868638519639584632423	1.2445559882618120164209851847454000029958302203705	1.351058489479859207631514713114012808012799062172	1.4124929413078681983596810188807785642399153288481
0.013934197491593147572115065614782142004988502244124	0.072284929702949858702228797743388936059324767095487	0.17276176004180948654990802222337404807893759451416	0.30815200486713381357843655281317342756573171774312	0.46897266911650898670289937341158114593945439067615	0.64434119437205468032100851355432090688695716410612	0.82284917312556380988907509914759150511042002361687	0.99335693797944777636407250823770657868138074733994	1.14565245761148949584710147491503244955351361534	1.2709555488244251293033573666272563564778266309412	1.3622773464532235629263466108335038388099679564455	1.4146728080703035453421940983052473603724869499759
0.011902052570819241712858872084512937859401754766787	0.061889909473791537511216005131754657727872703874513	0.14854598779530515304280210502695011724797575120445	0.26656683224973850576845582500812357470518256725046	0.40886354289093780447122193085362606109882181063756	0.56712557851610651796654747464199228181521655111975	0.73240738346595645421994328072824080008866602819732	0.89569051213111830144421580955498620059899273353833	1.0483796176012446213843651146325921804521676119669	1.1827100991766775234854018120226444851354566678449	1.2920626432651748480264678745809819196585682322912	1.3711926391042824012790837821794970431727825681543	1.4163995557160775825880802156437275958401840877899
0.010283627075490416081943038344213685383281598320898	0.053574437472878806986734313108359842637229920618987	0.12901865374707849529138801083321476522211063894122	0.23263679518158598829667636361677671384930379955767	0.35903999560757443295436578877459454303214656676863	0.5018042403365908847584272259869809620232844071321	0.65386957205508383823936755410025096110538132826103	0.8079382974980414855089294177726019628843594277245	0.95684358546661266429797986390754575254756610616115	1.0938695204528183903878150089971396377964487005462	1.213013803245432496396651934187264026393665607571	1.309192568510118612798061669752400256785238677226	1.3783928632056295916131820321683137560512687455281	1.4177905236570887451596377617266788731372998922454
0.0089738954107031881683619262939117064554275320535297	0.046821394650671207002109875466677110509562740892683	0.11305936039595670699201585130774881629149376036054	0.20464756198649333070582963779106716148656131372748	0.31742574747913673849053426286782140241143682624234	0.44636810125827241642095407777310586424215506181215	0.58585903794978020361219835664714801026822721904362	0.72997706925299343780655385043986389402369957590022	0.87276765761049358807647383730972447054054634442031	1.008490595984975464922789904728879060166676234669	1.1318331587091800862101832685730410230748498444084	1.2380854981521169407572231708523622876874575910645	1.3232788567422339318967304656589613124056874465606	1.3842903174471335099134129004989188585758483179596	1.4189274057277737648053520072767746625363887712298
0.0078991314697851747707319155090652988161771791600212	0.04126418991380189705053724963157842949369554595473	0.099858843411296761818606695347894225123473398489064	0.18132292843401180808063329567660076000126617728556	0.28239902628899903084576074794310033818521362430869	0.39910949677101141245518485640805172376987284593038	0.52695000029976336604328018366703233997814835140835	0.66109367999898547819007492834894169975188923054354	0.79659342730193251013171234922529496225130934264828	0.92857171875858706202572988001993354095166975601242	1.052390661173013078613188086761797368972687737153	1.1637980814433567227378601158667496199442902430183	1.2590482593312540633689239347058841087513481450372	1.3349980199547895285486585402045353462320223558965	1.3891806989341615093759252764462888243110592884462	1.419868491872867069380868471643714015257045716853
0.0070063568287555380618231491905659645254457634659445	0.036637326236823692375481744373478904597325400885418	0.08882226016201805352939371031835424635630496275966	0.16170252063176372347878626272515198783688716127772	0.2526945206708988009403148225279875845510502133441	0.3586156008750357396743403485378343645695010269771	0.47582192865527914342602970808211524741754741057932	0.60035689129634861625026099458444899255391728611571	0.72810172962488762106848504597970335922189707322039	0.8549209449684650386007341276616383941161326413704	0.97679671996227503602705844139855652241093631762592	1.0899485099576764531308609361988170136422949379145	1.1909357648154779947829939543130157031950479563839	1.27674324297994599888106450656024541006413041445	1.3448495276595465773199332662174605195460434360303	1.3932804804937466355850796892779958715871362963087	1.4206562733267133471426736298026919198598998693973
0.0062567142144038189581114345867552595788965288045321	0.032744834761063807245928315948183679183049951340024	0.079505274315128473931497526619373384982207874676163	0.14505541827744367386333175375717991023202051133195	0.22732189228840197003548135641414215341545580557264	0.32373192356445480328199787682311350725014707527039	0.43131307807041844507144720850332720907950593913429	0.5468022933828655856260354227912362012017119726043	0.66675879380254772633969787496614180900060555430304	0.78767563552464496904234017176556867752468384604918	0.906085536000495159065964863012813124420196966878	1.0186577730860192251482711784281368647067285509933	1.1222840893645197794686830794233855348651712365631	1.2141525713993497814383040055064632906042981154427	1.2918093164866837889391431078625381629420391320061	1.3532083516112100257555755546967704935534711868594	1.3967510421396200153016809927365612631175719119165	1.4213223141428813674025711711543525246616607038454
0.0056211831788049752890597527594300055263100433910934	0.029439592353499106367739364710748094820274515467696	0.07157103135703664306489563423724808915234256800949	0.13081905598167520992111482666740420045161133744745	0.20550178723755341763804955844554394753847624203684	0.29351952152857079314213138169573408836639102055647	0.39242789861596014132369307326561057231859994670149	0.49951890423214148799466793511692422548301567173129	0.6119061557222881250114528321835243591285039995185	0.72661078615675499121356117039556081489814135179332	0.84064470704376536843445142073726044099521535525056	0.95108869024729526165397384828531809047330985873601	1.0551634317114026386645533384081641654756991869781	1.1502924541341990298368452319535809924629132694613	1.2341563122404910989432804202827346481499043376691	1.3047380522026117467031623174350207962385800315756	1.360360265810418419877176525297459652857229539403	1.3997146547159559686382412462407006014372342603802	1.4218904566988151052517709816609819473614653839588
0.00507773809114150538840291453845793103390931666998	0.026609452454820989053065676898940565216729887919847	0.064760676698293716030581383486269351962922546804831	0.11855572455134410544235258924091732894374162026813	0.18661682474327633411053213064915792348659187547766	0.26721508089251788061459839134655864438707460599332	0.35832487512212948325992162400979258059557663239728	0.4576847048281941176166507828162137856491642671425	0.5628621251922467634092984473326525285560278445147	0.67132020869613187572996763946975707281314443626759	0.78048315623787002896976347881204179598528650081899	0.88779907533157352600479176256254609332994342159833	0.99079838941384930705865591555542192548331035933521	1.0871468006895463832599711840839366663911788277837	1.1746921543188794750870646352287098299466656844196	1.2515049156788607245841057220566173817645039439981	1.3159122637465726820748381817218178042227314690039	1.3665260478625223686873881026483581311783802726047	1.4022653107215526110876136895268972069861725615773	1.4223789817424464701785955742598620157927047045181
0.0046094193956755439932506452288706271612006717537198	0.024167748289180034228490761176050364388666548035247	0.05887280954445511323998479934023256404801464820944	0.10792132517708837849624593204187522492689544200757	0.17017443624962081418703115526664399908604490278734	0.24419678491966250030151480546156655432145145847233	0.32829748253033790258866259088986280795871812428432	0.42057628550849227384002139746445085167866534316553	0.51897346092422398314782672590127490357763306177415	0.62132151593038106533383427628000119433652096320908	0.72539705818389632160617727847885629244348178840432	0.82897127039803508494674946131051270811138534630741	0.92985775843925184318706169701847168449658444099006	1.0259568314371733915678958018283638412007997566892	1.115295565170257495044302691605125832617099841057	1.1960632648795841610845079329933941378766308665785	1.2666421671590315455388416848998783548523393680836	1.3256333999260788466415289301892130246962762474056	1.3718783810167726146341515506620150191700132296588	1.4044762147668860350370018112539747055823105339215	1.42280209516610634355186005844865022929487520729685.5594065777776296533370238943568306953033122485624
18.5338213946912631233408571878099009145374044588497
52.705905476013123122363987076948069099039277969642
147.209400523293925294301837984386608788980031094717
411.18430553789534777302696184449883886235920892193
1149.52445269565101174485146982964891847780634953988
3215.6121808299899058586214260507791674569763543522
8998.9069269163658983796897941705649150416284712266
25190.958309916300437532713704388551844670475319626
70533.3860366991802606945847081359704113441403096
197522.695103508816207368075513837415669921665618394
553216.86511143552521947184888418938511773826249348
1.54959541135631291118472004146976527596652356806942e6
4.3408732623687582039887975733927220258264571578131e6
1.21608864376462968916016335845263083578153100093716e7
3.407043396157815590478847251663829319754896398237e7
9.5457588207738185493337588060446796056825203427348e7
2.6746100612650553554226207953834907382654019157675e8
7.4941984969295448956456400629374139474992161818115e8
2.0999190738703263004212033259357343520468762968669e9