# COSEBIs log filter function t+log, zeros and normalisation
# Nmax theta_min[arcmin] theta_max[arcmin]
20 0.174 140.
5.38156780445502744859238597118983358041657551022	6.49937290805000767101080578248924361314589268673
2.0605847163124241738406243349913661977007733065936	5.548571958208307112636517027319013946379026418708	6.515494264238472395900855130583271044763044515736
1.0506604458089083438391635336523897714566698124542	3.4840089967573013530658713207960427156666696751865	5.717057239945238970120470678137560955127902954518	6.533614662946664168966518305888739550975743007415
0.6114943222596031875457302173897045109153637696798	2.4557599839550249901567572071181676961941159417483	4.2942585064840646970418086607134150320224731524672	5.86915595814682650571808669874865217669624656519	6.552017016858793267107090272305790000217220968776
0.39609819764119382954250674416561167508882108109433	1.7561460404780969085633041877303953824974355271678	3.4113774174806428726018009286481705539978755202818	4.833545076822011657790336328580533291619096333404	6.001964182178568831846121448942504031953073897445	6.569868024589466895053435519616323347394607923748
0.27622438444672881678474958046562057528878175619057	1.2974741189214155676294086905678564867769665293891	2.683174031272620836669435102379288651984690999366	4.0753847555309932290918540960712515648580810632457	5.217400932172477834842036223598567219775402262209	6.115738333337605841991242217746538475979862464255	6.586604158466731557989880962024145487424907361591
0.20316054055719474650260324821479799313115914624058	0.9875158680947301163604338358132418399763129901046	2.136254002723555418829229454342490116200928333462	3.3855235553852731991569585467180294685599035064937	4.5538472314332975439346167240325444006979832206986	5.49721755873967387069108071179429746802443896201	6.210779079066459087803185240943807206236584528495	6.601713917589868937553853647057280179790186919961
0.15547317434633844017682747271226994884603372765179	0.7722978529533697048032239709887439762390134020127	1.7228032583492051704221495873447903338695191768416	2.8246463056735721310778971513009178247991109706552	3.9216224163909102817825269842625189225452065357579	4.9102676802349840208073102186365914089105152310237	5.704217055760822001901892094087586277968987544173	6.288067226270071848670068225461613260587026258269	6.614829405545951021320152629356790441701854850775
0.12270903715674033910356589330809763708838125938134	0.6183202954798244787182785222979503132254856641241	1.4095982245959841255227463017147347492597191410045	2.3697473617226483127769587630257040295996500885524	3.3782996226086993319039294661573717503111791543031	4.3381336574142790676530321052330249810187998996012	5.18365332635730544795319865511182933942977375193	5.860531728668523166411062402348181072886676765989	6.349837013892814953740679773431123606691580627	6.6258490695735776392529266477973754120414929834
0.09926165032802400781452459285332074411332811920387	0.5051187297513993221534667238759035098454983674397	1.1695967650799939003565942422684014966368995859173	2.003937732571324255032198674251019072090356240008	2.9158879957761393204150088693944727578219626935428	3.8251077857937865394522593625220140718786618567161	4.6675972429735030431650488225949437755206506366939	5.398408511369124859352698014211258364498278061613	5.981525876290945816908219893848505654139827117186	6.399024087541793725996641238604598865653112619167	6.634923378547039856524516823495415472799332646637
0.08192161480557093879101882441075496665754656124499	0.41981001681188170779535582972632812533546524792435	0.9832454788558675401190216799442759856137572054128	1.7091336665442453020400666619126404171680006688354	2.5275331010142296161802871313328311309328210143243	3.3727209833880901914486869491101635937381469314332	4.1891637874265976419834943034452685211245775970269	4.9325132148319086862335450177605926097400345073586	5.570336132214822607104955850894595381844324540531	6.077394976160184064685918346933969304807053243621	6.438451757575497083753885591958381832155925010021	6.642340050074412767102919421626206017054367750459
0.06874524655659557864113300637463145378491682518144	0.35410303416344261908285946099871169390313302940252	0.8364920103454579134876385325781885178926144277502	1.4703067613342480460341069135792552583336738356319	2.202406535115155428817871510597182747929882299298	2.9799647230629194850698795781567508268121544719298	3.7554514831070955068632355181410287139649844009233	4.4890295365735798494207503175765806904007205097333	5.14866522894839450693581319018744946845923108017	5.710131935602090808087297252399494886137307493933	6.154853042251088587674200310741008724987825337133	6.470421789194283773248918791400302396045406612288	6.648412757920744625267493069152972252557440612989
0.05850256359032235897430583964038131687659983164293	0.3025117073000667009852864716469542128823748024432	0.7193195016139572751053389604981138503945421033006	1.2753848758355220381654763606557425649355688965112	1.930097401362172518726273718068300676987672992449	2.6412147304205564127970462768291958084246967830408	3.3688633763163803355263050152245355048535248315577	4.0778490300996306294436281098391294427136297436664	4.7386491072628143274579523326387081697999617830245	5.327326660561384665966080011927366245713989151786	5.825321338727462165659075324296326668997546581286	6.218431003939394470363140808582603517459461331002	6.496673324739183150188157581556514258393814963827	6.653420121890580204633719780518401197523269026574
0.05038509845609469184134883469199279058773509344511	0.261313863542145917560963126626391850382517367704	0.62453862122779750797231030065983955203192933732	1.11497396098830105075920589639435059048851714	1.70131942207177033489901375299272801282625283	2.3498245531205834385578769673366545430432841	3.027338783593520352135797360753093411090036	3.70338285259179551917302557322330734957902	4.351264291649107821740312253109557037739	4.948498006685371388029207114982872673701	5.476697705570641516082916268191541833628	5.92135078294485894601037956261877627624	6.27129847245574910657862908185093404191	6.518488432771622181566088832261833920554	6.657587238992065811448336773856512430035
0.04384424874000269909015531603534198276433673784641	0.227922494318916451650868963394753853855752670087	0.54693899115867176653835797406142250713555184835	0.981832268337850297523703475423880268218362646	1.50824338453902586921544610627173582985928274	2.0991347750603086306157791980272119920276142	2.727072908441488017988023020511867875957401	3.36594831141084679206282277048512938492059	3.9920791054720919733706321436609203000985	4.584773855640572056330144872498171971114	5.126511881067999388597779741398182979155	5.60285080419140220160010769048715756382	6.00224386939749888474278534916261256541	6.31574786424959857923860081649359530689	6.53681362489119189311676167418218741043	6.66108859096353541719755492300916581867
0.03849731783686037958683086872303229858692228599595	0.200499815430082533005921247669012351358688053369	0.48269752777151404823081888821840700542101634334	0.870390952357404014342360039014319538931810865	1.34443072421740505105808926974599961197527756	1.8830565666472067863922376559565124911848274	2.463589840354860005487896629904404881580121	3.06381456205960014552576003957250697633449	3.6629651102692675838569736431600562857155	4.242335318925262921102784312191380766747	4.78557517762926322788280365364646169157	5.27876813533309311781273188785721340666	5.7103596268668280601035816658285049957	6.071023011778595376095563874401611111	6.3534814062078505332095344690974862035	6.5523562315577753973838833472566522806	6.66405768881660138539454222813202876142
0.03407087146808818999797288466070078275779406030813	0.177713951191490355037708359233162993877312913562	0.42897265761470022101308179281527905370286125281	0.776355697432243420626370490661601214710331052	1.20465663632502263147809392908419634181119929	1.6962603676211663981022807608231624345129855	2.23239596976095902452197249877866689966174	2.7942233967295056504020560984398877972869	3.3636764166819787717366044299657797842049	3.9240450584338193565123450921585492304	4.46032470107529533890973881856273278438	4.9593793367294240025436490293893983968	5.4099742665842156857116947801675270307	5.8027229478715744999300927558306028996	6.12999252575982106888009350820492854	6.385788964543859359122106743089443902	6.565652815683983234559984901932032747	6.6665968606520507426222394072584209913
0.03036539038972526102261601465463733023377370354431	0.158582067192418828171759303225448712710695061073	0.38362486877236895855989211825244037815798040272	0.696397200726467866116668411849244250756426667	1.08470477677888150561989552933691594742528421	1.5341959312739372644142458386346229826804562	2.02929120669101269147833247091743376138848	2.5540297843744315913093392179203293630897	3.092768128893298180873248488227195146306	3.630704095835259631589240734654226015442	4.15423086926134372994624581188745012928	4.6511447687027667984020365457363213672	5.1107390451241936023557656450208293244	5.52381732378528197596721372537568505	5.882654957233873904578874667952851355	6.180933448049628197592684707224864309	6.413663933945905911575937097597989542	6.577116382470201302789045705906233038	6.668785182376967710850150029729787177
0.02723256043169423492883140789147155950785637705426	0.142366920445798784633882047472423358729876058076	0.34502300677419008417429754506186753753867304137	0.627916544017057998763486655022019724200305659	0.98117658492418041129599560823253954292742802	1.3930315445758319056317979389974759660794489	1.85050238635787590702261895893450578347864	2.3400590029553101838166128026203238196543	2.848189426410689336549100199686164451431	3.36185424721408072516232203871662239599	3.86882009311019691227599102244878243653	4.3578814777300004814339288278431403346	4.818989224417738801390049474678066201	5.243306810313877537066676533665410911	5.62321570826574138814696102909902619	5.95228775946704269575502127887514855	6.22523983905084455767151392516038344	6.43788193632031615231648254324889081	6.58706909091308614227686939137939907	6.67068441033623306767531615456277997
0.02456029386948104900438254213996931121181221245128	0.128507214342477085245897084109699745551206127301	0.31190861178583627506631629221423279937683860819	0.568869521524684163708485337280747554330917714	0.89132831583860446984438794704063266328834796	1.269564171741609085612439569225242594067724	1.69271737457691007868361861721941545575422	2.1492980025659015502579792943364796524101	2.627645096275922738916965495010302766998	3.11631171529973142960848213839572971161	3.6043655926068615178287741713702024024	4.0816066661227808853444617753417260301	4.538710479479943025639610103207417297	4.96731051455653407003377029660446074	5.3600336604045764090332067180924569	5.7105023717033993299556694472834748	6.0133152148185916775381478526843656	6.2640155422335693930968307943660063	6.4590558855537177591528932725547308	6.595765264827903307229946734947702	6.672343303366709685565471821700714910.36422172651122748743976212833952512169925512573152
0.2827744257502294696233496355192406868925447754081
0.193371745883643135959597022167558791366517607417381
0.123264600197678381644733911647778904512158905603927
0.075535477190890063521645393299755810052118893837496
0.04546792455372025511550752245238432134974740746397
0.027197852064749479482199834020916049958081588468407
0.016243386989785472003679396710739484906751742899221
0.0096995226277767666060062955940537143524928331977145
0.0057928070178993839436619577576690106388848889068275
0.0034602032568029560150282692107236734430257823622473
0.0020671657585096352344832923303675449049075730363885
0.0012350868653166710664907271476914081036755977743953
0.00073800353818397705851976522533594169308169290460135
0.00044101237389439967038516522785560899806086866717399
0.00026355356899966829620515621545171215575947247039938
0.000157510130973203029802158617840288920629545712543516
0.000094138254342587459373658426961953174085811421261237
0.000056265104246556292295745960690469095676242612388513
0.000033629875415706974254007783833288536422110971956819