# COSEBIs log filter function t+log, zeros and normalisation
# Nmax theta_min[arcmin] theta_max[arcmin]
20 0.174 200.
5.73813266470711185182895821411061422197720424008	6.8560417151266503193973905260799511128805852414
2.2777282913653953506265292755157949728660326814643	5.898664695735250051823800069587160830174853172625	6.871573785732653832425729565832993465788989620744
1.1604283213410888833545541115769110628970438158036	3.7467740404783463450967142134252933636142962002912	6.062147741624470183145916644808382645904074454292	6.889061849946290516864896074607742036475322676616
0.6708032976313137808557156864313046260341404629259	2.646491494091154815840737218336671845583584367641	4.5760109497778988727357316723922265345338204781622	6.211382004649575170943419388822038811245910121182	6.906938809761273301170974896581089302614614529753
0.43164251064900083539702867160249815595781707068226	1.8935789145225463661070911025476256426230398032073	3.6417113372066186713785275701835905742569785448501	5.126998089745703075419047579905418810275995512408	6.342736132622248240545674023761947705463929011474	6.924384480719581944417972686337176269294050607826
0.29950243004086283278123516022814934197134261330415	1.3974714513479380703006083690041760820990607573129	2.8688171784737094023581308647571161635562867845691	4.3306351798595649661684750839732987180499312881738	5.520198817760053838689252827991067962798089585807	6.456157932131415751183579890689763274648097514194	6.940857626795191392200728634156932223113545478138
0.21943617588129561760048199219730400109357046198546	1.0620628388321604432867001217969888456827147176128	2.2849504287417764179561660023127907720540732343275	3.6029808273205599494092736218659037863814039580535	4.826646926380673641829832428406882219894643744622	5.808228677946999154056169901117377592630566282722	6.551789373024873162087271354032962247175564454038	6.955866888896198274450573373730988445254501839782
0.16743060991074905256842701766425199942714594101957	0.8292898615207220077949374836648255778945549493282	1.8425067454963517105835814117402195759848974823181	3.0084628619450481532856635469901926666160303405407	4.1617544601304413815939637193458171871566160756569	5.196008297299253632556576775972943954472970492365	6.022176132240481975654076056319459066227331154138	6.630307654144076797624927916441163570362322465916	6.969031872760135914084877110213073781602652891109
0.13183400756629311098823756105482530814908829061198	0.6629589045200356709763938112075837760061180873897	1.5068403033776795455085788120382035562204108726046	2.5248931920390616666473603023877356733845892680252	3.5882543945840174376558702429354870483755160185466	4.5953195873090471064441547879930902277505963582378	5.47928012551284146471431083170406973357937175038	6.184061302738605526121773703881596415810903266495	6.693559320706691907546546016768598246926899655023	6.980204205630136855755863387679986398266425375624
0.10643802568373781882650033428853884501528504891137	0.540847545131060149506479363957407108929007210824	1.2495021960799654860631655547532225517355834732256	2.1352279143658086326352167777972814052706329072254	3.0987479575632942094783187390309610748830055112469	4.0551930055046342568805941662645874365239722043828	4.9380923792350466446839174136223834756987634063142	5.701854828793700560829346897898452469421956958693	6.309442533924563853098151632549286182266129230857	6.744197528434267564098516543928921449037958526442	6.989479417642416697431671794738341717297944267142
0.0877045531385967566775954665890221256857999396316	0.44895818929891985877109212637107992153117385245814	1.0496965476082921634780682448891740701248910787786	1.8208194580473608125055527753912872484511379349077	2.6867675116430464407934770618096680489666358464567	3.5776175606307136187324799020729554679072367898985	4.4352006432592642944938666111664576047548354918356	5.213669421945668418697576949623239784158228939234	5.880141415166526308880129973723131986448365480902	6.408809186141164022790816826659609866375825183287	6.784919680655335463829989609253135145857307189766	6.997104618918347943144231763821541614404847777236
0.07349968241769055997427693649380833471810340944263	0.37828093572921176172521598047076826195616774594412	0.8924044858159113215748764556659512851587159366509	1.5659424570501469549151123500659599004634749725407	2.3413541326495496485042290003328885905848508403362	3.1621592928737380234657556647037128431892870081358	3.9782045635600624229975681198436580783069116561125	4.7479992426933768022484821587107077677156837067667	5.43853097595895492995637836685956555603550328481	6.025207016554462076853020570405499399140880993237	6.489119917201037413716852038634491012714371172175	6.818002860793493173895260359547687995294330082838	7.003372054802528794387446397679983283125974623304
0.06247747860163538144631471375291515622932489899862	0.32285881892315706090928948285887345506376698175605	0.766884434867801974920090207014924093061083732767	1.3578638717622835044785830881234551901175877068744	2.0517687030295048217472079311912088066493177024798	2.8032811196224582625062691647898000299356090069205	3.5701041830190964805293046901578358717002105234079	4.3153202370804558415481253430705137459159318728335	5.008298187859217615446434660685843131444593527067	5.624421930528912589459678861700292614509225074561	6.144820173813528566751243338646328396249843822794	6.555073787338150225814316839057736731281764460505	6.845202913224812792620636600832848913206863844256	7.008552635850243229020683074510406278378170953458
0.05375581919422534675551552397329058124087222661031	0.278654284843826601459452705853414386095183051939	0.6654137591446297545843596365399915121538675741	1.186621916636163284357732813521270750434346055	1.80832478052790999138369175208516256353910766	2.4942314051768169419954090488532876760599089	3.209037430136770877233609718405081977992482	3.92060204866166724849207179806961195787719	4.6010454636613617158949208635224307030404	5.227097422620151655973355049692523740986	5.779874725892442884767173817579361550176	6.244600287608600668140253162290508277584	6.609951401819954461015684285697097063655	6.867828199428456721559934160377033436698	7.012870840082932591316156099171259525917
0.04673760508192814127342363482592818007787899924094	0.242864491183348786340898027718813279043174268635	0.58239071219549265911710605521742544178739696915	1.044510739051532731673855305746568453809291028	1.60279800847151831982139834610442342615556422	2.2281359603595618555105138503983562195861169	2.891224267783984810114754426279488278623151	3.56441599884392760019988246582238309062298	4.2228493717003946876268246498191897894843	4.844979595357420014766658250468827649131	5.412704722901681750557173204678973217734	5.91120228352451029080673712822733553896	6.32870100089400386334969747991043772378	6.65612099678339447735176823682700844213	6.88684967529760430103037193000752772226	7.0165032970251688340037274824038019434
0.0410072159764545309294474914025728436635833379456	0.213500770342864880293224278252589926254874969928	0.51370384086235881249661316917483441663273589762	0.925591224896879485278989021207508399824306529	1.42839252427796946283845702365112957607640035	1.9986523772751794241937881839944083320672184	2.61209803572803811356965147052947012095438	3.2451304310540553404126726601430145927028	3.8758591755048415054739942125661662686906	4.484712075937095030570483269093565450185	5.05470305292062263815481067282974829431	5.57146971740367676918273866668791826652	6.0231563157447020685333478041506439255	6.4002450647016435784895348123012116319	6.6953395738601338124394180195904447758	6.9029947524192305534829554975274757303	7.01958632732849224772461900370199468742
0.03626826191601155146264028181152868800474498561092	0.189123643975974576269920558746400863257553388569	0.45629739865753837832975934800208688657050456639	0.825276905666247317884336475682371485495497245	1.27957529911845606532505089232053995742697858	1.8001953998658928256445833467794016087573569	2.36701671969864226686208926066964639932716	2.9599773912210038502046951098631669498338	3.559969976874330588211032228387106514774	4.149440720964808227389373465275085677465	4.71273025849822760984582075984199771155	5.2362136063178555899668081307556902141	5.7083041805844774425790831446732428379	6.1193702466738598036916336127810146096	6.461615161042612888149578564197971686	6.728938476243368204071882475347092761	6.916816001818067968650817336525425671	7.0222249171557398402048241414279689281
0.0323048400633216404613107099207713200458807838284	0.168672107824618399724466479130823119200592908478	0.40787124055576314575625471534335520503109596834	0.740008783383808774495415260097180003786241262	1.15187083322564252002159587720827715862981844	1.6279762442209688942977018663679025135500695	2.15160797779226758247906496761988811522356	2.7057384913476546632393284757183918966385	3.27377935552107897601840605883772367254	3.840129977441948473002691180122765170697	4.39053535863171316835656991093102427284	4.9122838142963195562119665234485878589	5.3942828135093978048895678065904450895	5.827051703441085682741386586421487009	6.202662105615573799262055652907588873	6.514654088692960673613873913638258021	6.757943493922391273327437416981712849	6.928739189112312303642779875510320937	7.024500421036251055796972176417088842
0.02895669985127199695860449038541717746818350784784	0.151351156775665798836828720444350789340908540465	0.36667245442847669866957516091465715587952210576	0.667007191776569917567746424211190943918130543	1.04166573046509597237230914827577828716556921	1.4779499388349572638669711743096453235648843	1.96192330177345717587033487247527889046923	2.4791311742749667115178511097380548293849	3.015215728292825527170592162425214951166	3.55639735428701676197727050042167214413	4.08981890456434488225330485068668080725	4.6037661218488673566867146076519817183	5.087786732412719459413594613003304302	5.532733153650185890192738956326072052	5.93075276718146413355529506037855755	6.27524544931153190080685965896442789	6.56080504022253502455352333355572558	6.78315604381618601546737952831525773	6.93909672876968256897396014616988976	7.02647648471163637724741254319738508
0.0261028966632802566840256296199624166000975939986	0.136556141444038621116224079200342484457748323104	0.3313492939127632592220678601499962190070544928	0.60408519604849175303889757728599246226789414	0.94603942494176600684179722096014865954965814	1.3467275329322446866647262858520595768480044	1.79448353187398464520174710916930949774104	2.2770195401722365682865320029549282516776	2.781924345272456813533734078869018463356	3.29707478539699518880434430097687067446	3.8109504765744704335324391116342333539	4.3128553810811619789193991085743768374	4.793057950604805974670381185367851718	5.24286556884122109093960723828431749	5.65464969554797839555197781295792572	6.02183695802456679078155437003349449	6.3388789604639865461508953662162886	6.6012113269504985222216145813711628	6.8052098483945094976567586973857372	6.9481512636245551156280785376843554	7.028203420475510783230089866887412210.35253064034905275392856492741186980034467269195757
0.25768023335567351529720983424691356710758231308986
0.166704113770421439734452307062606080830951288872158
0.100968323709102712849715364153320441432218233711626
0.058833349948314043439701021597622081753980144188159
0.033656845040687971668404046810473219945760904182568
0.0191224105737270518773664984518233464861279074104146
0.0108439898520172429332724074264902351363242406632307
0.0061477872789566946258482412952536857741136464611975
0.0034857867017632214491983460474894319142622675286512
0.00197676243586164284743999685532670032414037668410257
0.0011211646850333535137346113989191679616417699486257
0.00063596504396844406981199478663835110817484616104609
0.00036077476278450734479980140522969544410196925984217
0.00020467777436516761026589694856703015891609451894416
0.000116126461595279739328515200136855874572738933650351
0.000065889057384638074322911224876851632820607336124446
0.00003738639160805052597423786227276501286028254363615
0.000021214325135520802079153412244271720323719932071025
0.0000120381040232422051779811917878146201793563164088131