# COSEBIs log filter function t+log, zeros and normalisation
# Nmax theta_min[arcmin] theta_max[arcmin]
20 0.174 260.
6.0004490765760058687426306198023546688334375735127	7.118403312328594254810384517161169741162619118885
2.4450839875669939140453867660295183918215131418792	6.1568231718278817517556409487465161526474910104653	7.1335573032965935796178425333992079097094443323921
1.246356645217494529002905905712726907376801828177	3.9440446737938686642554013291628054701725304496087	6.3168053548832151650241365401628016424460964192419	7.1506140033648999365955480949535068893380746689464
0.71706208525816339884196815532263236023650398634786	2.7910030077408510622733605024344959681766611355707	4.7859891811904758056263755996759610327155280882588	6.4639490132667298580482426369967711712469522053903	7.168125074934236367991609026119137617274747188741
0.45917686056744731012224867924991923486057936936772	1.9980362022141032117843580368578101968621142141615	3.8141692794534454827640336931553365225494605829728	5.3448586293283181902511653818836235949830367231461	6.5941813438798653965156614421389914200093084035391	7.1852821575799981201856230893972942482805574860856
0.31741550924859504413990235597330292260924358320592	1.4735017762431755850605272495264411846154654893483	3.0082498445118967191416149852454289669449167863582	4.520597714381411471534346107181419363442958109899	5.7443643773707073425909705127198817732060575446361	6.7072377701514646051648809945717804376287913730177	7.2015592087061151078977978311383766632708240604202
0.23189357178243285948489196612295788132241013285929	1.1186710426947573970039735760298433943146140084649	2.3968125820173142441035085726910556223937572371005	3.7652701808435785193143943997391378776909171684123	5.0289848229579805101893682137157399981023781882203	6.0380071334079064095702215009922948305184593490906	6.8031622180889157359708067937851972592241187433201	7.2164803884996441990398216910038793783680654515455
0.17654310937203538376694907886897202447982243103092	0.87249064553182760275022774629182206605847630996559	1.9326040792303507028414400161534621997358251427446	3.1458788953163390079291598471643424963610469364187	4.3402758405047368807129096774983023668643084087086	5.4075146474746479543082671686851488607944697330878	6.256793631188389066917959466898644856303997462079	6.8824483631066403868325907875447453169955993425321	7.2296613542709253684723561402356722486902422078945
0.13876349016109034310167793064729250670059188653085	0.69673070947453286440832692061197379104319929652248	1.5800185440597510637642674635104908487780166871672	2.6409961616914770705862633812452883445543591695148	3.7445852468479288095952318935335108225569207859102	4.7860355983890988784824425529840520587463977555809	5.6978063858657552132517201417308502220451536847374	6.4226164285560684527280287483457571608649258236333	6.9466855917093702545485369355507174414938234430275	7.2409258699574007952812562457680189369781039496286
0.11187191213581736556269514841789141827601535792645	0.56782816556885642624794503021226512018551659784122	1.3095985973024977646495873889076903148412707218218	2.2335236140981815419359972433895719510044751877378	3.2350585170986552603040963749242128758750248949375	4.2260513970692046449967494984451460613048327186368	5.1383270655959798806240787176699328066912039750837	5.9259381303711125823284608395660299223178950519138	6.5511220321860354087915504246646900130234089820501	6.9983211662223969495052254233584818682263018523803	7.250332869825200692331658845650578711248309328915
0.092072684752874278821447194243372819332728562537501	0.47093120671603734351440224672982801731726098056236	1.0996337700250409816362027334543525517343743521067	1.9044426764728382438808603024340666595791933508838	2.8055492115155374529438923296998954055543045251697	3.7299359185852320953625642885968813937944149864322	4.6175551596391798891602148028197827638140130470881	5.4215351570605731297709420640980400724216462014021	6.108748619763100766052667541889961453272801490435	6.6529852001003838790339745915288422096354682416773	7.039949499887409424819401487999019152853895084208	7.258100131867379764642647572485366745606039188056
0.077083519867612509778078122157915438467959015585627	0.39647829642267385657712522631007624597518094089131	0.93438425289305823708988150286865478771013699319666	1.6375335948623093232319407076096981382519337508912	2.4450407912017049861418428170202361850668709823497	3.2977044857493327718483789471994916057997260949631	4.1434653518300521527940191379137287309454866386714	4.9396686997345308830671461886466721194421238913467	5.6526371582323144666867827899472292814935946592786	6.2575696656557501073921317891793584767494638290846	6.7353327685033685618316217501978682528966054203725	7.0738197111973485967360595505764145676890932312357	7.2645030806548729887419672530884403514884995251566
0.065468412689360304620493613472017793906790156297612	0.33815103859668170150631930311103743296852877432039	0.80256376830527161302589205744395373909082832556198	1.4195830487022085856888030522904352503236092320476	2.1425740925289029675348416584619332643305178108874	2.9239122570829557958611464914809630596584345308565	3.7195180056326373060124528148471408017480590741435	4.4912349573528666825299685490086846784255173882464	5.2076585503703091124737143321027007443311907498011	5.8437131746365099562571630472405837329738638087111	6.3803415968499786503636128227570070839905631210178	6.8029835886133392791706856781468268285143289693741	7.1016939921750950913950491969193887619190982383081	7.2698057150670551223828983000311464664260386408933
0.056288230310592063494947433461556632396875095904121	0.29166998250077730087919198974648866008699776851989	0.69604713204494893543710886660190767779823105064771	1.2402108424231426825010608778531975332697629461374	1.8881801243701180672801499472285068141887493427026	2.6017492751279306675398761692168989795875973667553	3.3440162635517712745053528615683390357057995827999	4.0816301670390147296529133003784782157687014278911	4.7858646173714930682303721511547884320115864812252	5.4329046439141583852822270572839165429681870167866	6.0035318472643928322876457370011803183471251145927	6.4828049186085047013464178770129680988242516986268	6.859298091489601943345841233359177758155692390953	7.1248969746885566041579084275779800026904497856433	7.2742311593801997160571927183673624395318631087461
0.048908454204562883038243294475892916176480847642568	0.25406692836221904173348438677507576740785234512037	0.60893646910583500656778737665979536155824221031277	1.0913663131815530924397661656628781146414920584018	1.673348990382048169402349154948036629919764635447	2.3241959295100527574338471597116534845737390037561	3.0132137306707422971184203600089912943793851181816	3.7116252920665291682762928889810298430992177345976	4.393716188165415792295005740082840388261480059625	5.0373368554378526939415345561093193029239908601235	5.6239834057320972069229878304815360944607000370381	6.1385772627851648966215167840687629470494733881945	6.5692041164098622933957234446592997691275252162898	6.9066987835870699892444083407569675748885500726408	7.1444160040975514705266313693542672384134139783447	7.277957082014205751723047110841698385779737668969
0.04288813148717443737967332746282761829910864478653	0.22323776441582023899078841308421971772190238179544	0.53690186536809781197058501990065429871698008416605	0.96683382562161868424901760196486039586144246800681	1.4910233779798604836528278358854765578332873019454	2.0847306655187362759006307738153778842293624242253	2.7224882613455572249367501293946352792638412559975	3.3796735553132574299931318548555325710330924911918	4.0335754319002339615728563019297004398189038895077	4.6639996770681750537939314222332998803641763427462	5.2535114196391355898565889903899234344794217949376	5.7874404621427558625205208872924870656298132013001	6.2537279619579470652534097250471817124131741548021	6.6427322189134473783144670781020805807072288562072	6.9469815621503908559078238985005861843983003277686	7.1609923411331532652522791603168716927311690636719	7.2811215647207265810839990481938111048926706997277
0.03791325324829263843376404504311286664878459262801	0.19766079872202489679934688193813489229503366707416	0.47672524157370341079203145970748012797105263813655	0.86180800632961602789830243521781928965168798797897	1.3354429193205273088484499390534624493113108505698	1.877584033646225714206926585815471824970115664873	2.4670963333744756908564320532285249558639196353708	3.0830092405292767823996249955510251287693910433707	3.7054501055020949754133244280287933384182300496178	4.3162531310876861023160898521434564072717619488367	4.8992908885951692867476574987083240830046129447426	5.4405944543233112908191129395525858698089173328218	5.9283344050594171287556564756186507699271574327488	6.3527133156454196779597872526106105701649235874799	6.7058270187388678071566711443848813761224952364948	6.9815070705678324129926012072937679668983410979084	7.1751897209154741284082489277179744532963740584066	7.2838313730018179888409549983528535700632829573567
0.033755369992800612375779073824739497968394117841219	0.1762153856242301567894724534924834135230243135537	0.42598469674960753582209454232375859525176465734378	0.77255738361063807068812667902498596178465449859196	1.2019399574703098128393728075732060622585647659986	1.697793449430669947968267019294673098362857920138	2.2425437608819237454645730906794371564761797962752	2.8183670266021405455287826625617839482688076722645	3.4079766064579816196060143737352797529023033963456	3.9951884619616794068303417713358559064882929118761	4.5652796756399429859507947186044348289442555143069	5.1051766918321091542559828554931793110397378145348	5.603516174406078490937468524595373584593408014837	6.050621218310895099387965293776076581709720246778	6.4384253553284419941344443632237348472473043901458	6.7603749032944739286908164775981450913612549355106	7.0113239452656387463409982510758223768242560778798	7.187442852520648986924980280287079958095236113008	7.2861694287892775595664633721000054780660306641636
0.030245108575545982813816376780430711744605917562459	0.15806250982594110473800808203360130073086020792897	0.38283505360429183014753219715531189993972396032611	0.69616638850869133084723995497715076171088603312405	1.0867412226724853584578407466035419497579282688377	1.5411574031187081417878100824629237866963040974645	2.0447559128447216142298262358573556876308689340034	2.5823899871859383551188217703814590626176464081823	3.1390741519831500144296886404967101623913093066037	3.7004848259354279719779376882720416841170408988006	4.2533112027773675231358903034215814054259339844803	4.7854731404903380592497015905823440949350298020623	5.2862319821905847636790098433928672259773970255974	5.7462220530558830366895684947585182619757879575135	6.1574289856419160808902260441220923157652310353706	6.513135700619238888073527741746550747305106552888	6.8078538339847625958288534339854162000299014191416	7.0372518043653349419020798843782530704630096302059	7.1980913594581374172622537644615425838092071154124	7.2882006944559333882584130661328131297594956476848
0.027254767693392584887006174235200216790802199874632	0.14256453428295027152912461015781776114078486101074	0.34585390706593337538031464011008043782157225979676	0.63034068306308639712372252273013803383465533185782	0.98679423100331688077984180535299991035596506283447	1.4041497752465807471619719679591283135868750669552	1.8701322600254880671228778763498587266600060546211	2.3718551767786160402145841015984069054022501093701	2.8963488037748275651384693375672326901831944198322	3.4309908024241219132492628813481867554029443254125	3.963830566805050024487186982552907897366229189067	4.4838127414218655515118641284568652629590361476397	4.9809138906406247946543569506860032632082611668492	5.4462101601379990235894427030066057292856854948531	5.8718940209862157025234824698963333918701171952174	6.2512566207854553398695239853864377418967858096559	6.5786492639225673502602449783517289380491074240839	6.8494351088607866296615142810497897953124219221638	7.0599390747651494057373278333020712841806032639204	7.2074037462933651972418533356034576855230261260212	7.28997657223089405991587415176493203752249294422960.34541229592289952227246742578377757385778410159392
0.24220842316536618263255778687713124775182156667214
0.15064065313244651568451731871436622363629604696615
0.087991148145163114646692400969221598169822683051795
0.04948147280543508256990590212747493466202000136812
0.027310905417523768048587510367593439224823704685976
0.0149650534424192424881904212053485719391015725615702
0.0081827452884418134633559308477098351819728778242213
0.0044726506481288361887620698217225274177999524235526
0.002444963712589523639495482095037222303869140305077
0.00133674781323673625224971647593501894324763959602059
0.0007309501880430650472587188127755300501401470793989
0.00039973784729684442319309439895621692726263920540731
0.00021862613431598569248268977484054850130731288651124
0.000119580592074647517630284563935525161979771581158134
0.000065410192893281167705720846325415435048005479777423
0.000035780948976636911343026447193927903209249544564134
0.0000195738614407186054404673820810299378325532785433608
0.0000107082039951401582649855102695369669902390474612181
5.8582784218807734167257132165626842972210838937717e-6