# COSEBIs log filter function t+log, zeros and normalisation
# Nmax theta_min[arcmin] theta_max[arcmin]
20 1. 250.
4.2141251692480598056785092457582608650232889456947	5.3305717477839147909336366896631164736540453773108
1.4337259916128369562821292368004338086313977710754	4.4107876665659899769581046407266426300590680885414	5.3494278563838096223969931585226291584218840117019
0.74297762246878651768089337933999120256931239189025	2.6699238834334022615359424816025124868125759660022	4.5974330178035043274140769275999443977016612921556	5.3700597554443099859177320319908061244919883933254
0.4429929393353511810692111505703332111761594863053	1.8769678809007956998268635653232676147592588629818	3.4035074473132848771388470951236594237881592001821	4.7587087261601188108044012251556672339491049344151	5.3904293705525248423968108075580178109001228667189
0.29333800124015558368264547391997943688031616605073	1.3414370512910903310579437368278398042444553721041	2.6904039429757953046136753106988227707330637076819	3.8953925736964545218578965309400995725435359503888	4.8952406612653867337565395528660654986734739943413	5.4096888464785212768602515733870660429038888239422
0.20781943459722727735496583339349754063451192538011	0.99559845346298723633892509553321175181549712020245	2.1063054474642616274118939749695065496243911019161	3.2637397916468262564171425192472197796283534379899	4.2414229704345532348031132162308484505383804290927	5.0084394492671053582036453161473338291176325341193	5.4271881406219685728906222009510088846643778784238
0.15471263545836458141460945214521980532148172754386	0.76162462626829585288159654754809221946248983677867	1.6756866737150121231388635910161825796857755821747	2.6988094484086680850093305695329811782760026362488	3.6788662446946254677405596503686168097009551557865	4.4892647196115480561740434521791627510796781823164	5.0995082608087434631581637835538003166170336692698	5.4423830690570472475735166827740184679111889820926
0.11950717773139611323736212814252095000518113882081	0.59879315487806673598514757722637513930154695545792	1.3523410871084608012689982516327798464050002971556	2.2463891778442582867403525106426264153400600482037	3.1557744578263313895833302417717698855538589739221	3.9889687215444502833468796375954452575182921648238	4.6705148920949664375191678996466024399154591395173	5.1710031631393348574627298753549824429387733179966	5.4550409777160223174836317425937252533206247378168
0.095030444108401137981178236659425560814780091242307	0.48176357566946062571265496499410377778864123963009	1.1084159267357414481675676172472015987592338381716	1.8827983734469207435586117278138934644434353024478	2.7111837718153482793451535688257870439679677867125	3.5125415789138154651737283433838475456964056365242	4.2270572934841428295882743973884354819648232682369	4.8068487732701823239526637794905185602642823124213	5.226684668909925477790965417615575081829714755017	5.4653005518888154576387682824572961093968708118563
0.077341411326618003919261536352139392005922652178194	0.39531079714669948284847698129980034466960656678923	0.9216974762832221733855647131348329404412116142649	1.5922243678006088799712181960925496234241531489141	2.3363875226220701884995685977051225449897291797465	3.0890332421880033408515192301205168595653425427611	3.7953736242313651156490267600093093730505643549326	4.4139229926797459685443546562979797139243132438515	4.9123116685875564213855774824072812535235949600475	5.2703285344486209071566763839886544726600341128882	5.4735258722023299062455259663952338700609526316381
0.064153996707689566094942391487200953421016640368248	0.32984281720192527697798356377425189962193533039776	0.77664893115990711802776407373285662925262834460166	1.3588827636224302966305710016232441806609577600235	2.0236834626208146186502656980307102067901396938087	2.71890964512428181020273535713467809107063659872	3.3982225357303372259907937990891350614077400645709	4.0229928082564450980116748885432379945210868096711	4.5632362050435219750229680990084164936045438960163	4.9958282377556995372964608244181816176336763705418	5.3050011272127993357147024862880540031981025888131	5.4801306368234196016631908339752434429129408705153
0.054064818924228316449899614478277957361791377238803	0.27918651061312524383267237405045560800926293910552	0.66225936896114088737761541785634350749254239887647	1.1701932890959425763159426281750911116857491896232	1.7630807668335456875209220269524510103184420335504	2.3996243597391914339106372931551355799962485607455	3.0410675452829452356157579805725694675130000383466	3.6535169793703454124906751357923120175066648041854	4.2087346096165724573778774231009247754007998168957	4.6843763474277233609612748466182822931256425834407	5.0632114220074907239986447690237656390975077430569	5.3329643857507915705683851807468671264296151536606	5.4854792873831826220071734666997874594854176260977
0.046176538430666690181549851219035826584832725697809	0.23924423414368867037220792303216181971913440910641	0.57075416389668250543017269939991138425746748635604	1.016292636707475389688180106899378898090207552992	1.5454618951839942262797630093402975512198953702661	2.1255718526090079643408139454428951260729739839821	2.7246313365345724065904875041941435165279302338484	3.3133608480966467206807133655218579703227409870203	3.8663078440925587437760409467878833392040179681135	4.362203300054221883221244051433409019903134114135	4.783981823913967572727271443070698909174122934175	5.1184079312843728382279697855404603016655988938265	5.3558386052947006564514225052424273302503479761296	5.4898592626467712807500377767933777993811247400952
0.039893822806353487963797543692214447583304490027417	0.20722569596496221674009082672116837803667560084234	0.49657928069115882001936798316949534341852210623366	0.88962635134419460543447361140490672427076983986735	1.3629661729869390707658020535880548012361585404812	1.8906549851846492648545035583409200811632723789997	2.4464146361237449336665373540619134375191844417498	3.0053027661265392169934220491435650761227537258118	3.5447841469841545619779816313527726757819251205064	4.0452967663369512252385064182610519636700745430037	4.4904232269647041110284615356159992748690777125165	4.8668570629658503982017942731637109340051758671318	5.1642024006787306123483513988418706130583570518174	5.3747881681705087079831482050272048261534345271077	5.4934873530125175883721036655488303487612746147278
0.034809471851480707296088174707447918065911554065023	0.18118359128020627696177573407728302286879881385405	0.43571831414055517856114352649699574060655237813816	0.78443001491553371478021103320474960351760114028971	1.2091046165896612324692611162214579376377934097416	1.6890476231130677851940675945716350896904471803352	2.2027021080518335797672286950878617290206595066659	2.7289747194060666396879505764955276802452922290382	3.2481918597624754757131226438129216200226902103687	3.7426954830355522818554576899122250174975949453827	4.1971474154919901026673973829485650368778111079684	4.5986168573099428175888870395775604255099706909741	4.9365432430557875423055664237465540279897601770138	5.2026188304765831670891872192166886726458776800796	5.3906628123456028214262990365455675248163947839815	5.4965252255494842427085894997905630479418772978901
0.030637437265282900013100429574253720469958502796214	0.15972886306405333067744062098331424437410999655348	0.38522582848376946242847978302343455001263560298074	0.69629998959975656298554702983889571319688214968825	1.0786175044543026913394591433606372563710494870735	1.5155656040297628217863865169165184666547156202722	1.9894355385313378016575517565494413056256214119506	2.4824549346096522567756427397219678609053466888399	2.977595197624228987460156212958701138945841482779	3.4591369923725573178561626678495713225857068644445	3.9130167185912019290133704192188235794227847413166	4.3269998292161821228430489845313015163830520579	4.690728657623651343096972867219213541886225719661	4.9956938383239510839778666860311701792437163396425	5.2351619268685833913918087183194645714381557764687	5.4040938566111196747017865899996880512344751361436	5.4990940014745105548497126049104104559442828916956
0.027172079444095947830128242295042220825874794291662	0.14185078747191315625890630119002475326134663710021	0.34291154757690160495262629616235785572645528575187	0.62185467900744283392293424662713123321520600270555	0.96727909073485761675486976873137105352718582128184	1.3657542181282895906612543094287111078782145067819	1.8026875757171201369327000175159534568252921657603	2.2631200598312589391136264585796458412358854021772	2.7323882515669566695181139958510207341269571231689	3.1966273892715556709376884042171200121551210740192	3.6431177022209681269208487401480011179615163268217	4.0604949224007406484307711520036914322666097258125	4.4388547501829757609737789168119380299811888575089	4.7697812927224527072317609563186945206655862236139	5.0463277217523932327584401405470879927164870620933	5.2629707021709702003724174254040085298081094033713	5.4155583478411728445895271516799651403707924906793	5.5012854399591014643351623724485636292089763226073
0.024262527690372681080832920759254090284188004970357	0.12680066143658944668511377664473221370017586810493	0.30712454395222779779626674901948975035651631467462	0.55847904036707069478949731491157748837576199961167	0.87170314466779746739907069397182299086665636645726	1.2358590428017263699008360604572786229576278013123	1.638872036591079736766764104372527589390973455442	2.0681407931138773191565287393213406326618625806296	2.5110713026027383934144024470124786150139254194716	2.9555082027281461313640098647531076363607373200827	3.3900565529519566996759728938475426713171169961042	3.804301518099838461812607593260865788346822283591	4.1889417832215290238084966968789946970676109765721	4.5358560572418195084903187434521573299383570810244	4.8381216932478270066465934185952631765520530849523	5.0900026315766427608003014220249395075759510240261	5.2869206237341142619332041781401027487126519262128	5.4254222742883756072909266092883453983829015235165	5.5031699613426075508841743117692246626633267690947
0.021796084845847691586171101424407517654220716032452	0.11401484298653845857153848339698568506800123709551	0.27660431656619700829907041982032502807908694511475	0.5041345903500272091317171860035246934649118175127	0.78917365623509923175406740732091513566856196539579	1.122748069671928013192715896094254901339404701561	1.4948184790376281285499579926432690364689084552555	1.8947478572088530082789309691261393809776382500154	2.3117279030469675805243023077888632990731688421605	2.7351406349309127509918620490791162438779725645342	3.1548449050226482817792281495202333551188600749933	3.5613880353159108597526030232070772886371673496893	3.9461499748542908662827755862237218295829924867296	4.3014313101282786541932849161655330267213418948366	4.6204978445250095052201582766406766491420623530171	4.8975940012047069440850306936304264401443010636165	5.1279359637478234507464580120858149811462338296667	5.3076936855979341906039735101325667677931238531074	5.4339702500406276538667798027019471805630860758194	5.5048023047321743427818917141507170490647146380642
0.01968720864404571321310716223825942777260154704005	0.10306275820137782192754004719832519343243479793222	0.25037674198736233411422425973693747537436988862095	0.45721893277439425575952395866541928358645565980684	0.717505464842104840259300642066412894371372480975	1.0238211932661544373502052811521154550152122531909	1.3677760092003852333807228967030491978154638364751	1.7403650067028821365595823485633937190042645283043	2.1323074157359093966539562939479602366326741162239	2.5343455535212012860818253709310657049029524933077	2.9374931775045288384291635687115680142008223746794	3.3332299943004926498794864642515518681602843755892	3.7136447237004351931778869427774974247656077556971	4.0715327912764273555129240252545787221760723785238	4.4004566060623512641070934063844669858367325273803	4.6947768945052381911906041941487939221200197948435	4.9496631375719206570276494053481888107336342490856	5.1610902490289195856825075440308677188456370224218	5.3258275903115495686620426875738712709464268822861	5.441426316815764687829767251565336803310367238328	5.50622553134032329869606631568449964902278450860050.42760292480317045966001561353535210516341813028456
0.41765110311595594267248615117748196801956900830164
0.34844480570794462704114797874332539576564026240768
0.26740486932138450443062408393069068801971810005991
0.19722520676047724768761378236276888089715482900236
0.14333495527389289593670131936219610940449212979367
0.103755210061591149658890841694717301601490870877418
0.075058486500586360325730365322482429378690937085161
0.05430569288525355400907042200682338035113005523606
0.039299048431349558238443627433203787531264467716146
0.028444306012908325111462949291805498030304118905515
0.020590583014562271064933175149742105113061811572682
0.0149069626274975398037005067390432808530458531774942
0.0107931311162575552192120843150308285051503470753069
0.00781513414613515569387852404042288973319047514837
0.0056591435522151852655973988962122949000362742544324
0.0040981332354097208360205090943061753287483883794418
0.0029678313091295510125060483242051969672209503846927
0.0021493516442455853454844512542191143667241601460009
0.00155664188536692360120119886316887943716397832714609